images/test_heatmap/1000x1000.gif 0.029844 OpenMP-6 0.006664 0.002945 0.009633 0.031126 
images/test_heatmap/1000x1000.gif 0.024266 CUDA 0.057513 0.001615 0.059141 0.032743 
images/test_heatmap/1000x1500.gif 0.016481 OpenMP-6 0.007393 0.004479 0.011899 0.045340 
images/test_heatmap/1000x1500.gif 0.044136 CUDA 0.050577 0.002078 0.052668 0.047018 
images/test_heatmap/1000x2000.gif 0.018338 OpenMP-6 0.010179 0.005932 0.016143 0.058757 
images/test_heatmap/1000x2000.gif 0.049063 CUDA 0.050431 0.002599 0.053042 0.061290 
images/test_heatmap/1000x2500.gif 0.023608 OpenMP-6 0.013055 0.007423 0.020508 0.072357 
images/test_heatmap/1000x2500.gif 0.026969 CUDA 0.049794 0.003133 0.052940 0.075844 
images/test_heatmap/1000x3000.gif 0.025210 OpenMP-6 0.016057 0.008849 0.024938 0.085583 
images/test_heatmap/1000x3000.gif 0.060218 CUDA 0.052432 0.003587 0.056032 0.090595 
images/test_heatmap/1000x3500.gif 0.028717 OpenMP-6 0.018539 0.010415 0.028986 0.098548 
images/test_heatmap/1000x3500.gif 0.067443 CUDA 0.053415 0.004223 0.057651 0.104279 
images/test_heatmap/1000x4000.gif 0.065394 OpenMP-6 0.021378 0.011949 0.033359 0.112495 
images/test_heatmap/1000x4000.gif 0.069925 CUDA 0.053527 0.004734 0.058274 0.118566 
images/test_heatmap/1000x4500.gif 0.071726 OpenMP-6 0.024424 0.013522 0.037977 0.126998 
images/test_heatmap/1000x4500.gif 0.048101 CUDA 0.054118 0.005078 0.059210 0.132660 
images/test_heatmap/1000x5000.gif 0.041187 OpenMP-6 0.026978 0.014964 0.041976 0.138701 
images/test_heatmap/1000x5000.gif 0.078013 CUDA 0.056233 0.005672 0.061917 0.146774 
images/test_heatmap/1500x1000.gif 0.013342 OpenMP-6 0.007320 0.004416 0.011765 0.044623 
images/test_heatmap/1500x1000.gif 0.047175 CUDA 0.051438 0.002149 0.053599 0.047315 
images/test_heatmap/1500x1500.gif 0.021498 OpenMP-6 0.011521 0.006521 0.018072 0.065824 
images/test_heatmap/1500x1500.gif 0.023972 CUDA 0.049495 0.002871 0.052377 0.068323 
images/test_heatmap/1500x2000.gif 0.028488 OpenMP-6 0.015941 0.008862 0.024837 0.085711 
images/test_heatmap/1500x2000.gif 0.062220 CUDA 0.052054 0.003604 0.055670 0.090271 
images/test_heatmap/1500x2500.gif 0.030701 OpenMP-6 0.020001 0.011284 0.031319 0.106708 
images/test_heatmap/1500x2500.gif 0.067755 CUDA 0.053251 0.004503 0.057767 0.111190 
images/test_heatmap/1500x3000.gif 0.039567 OpenMP-6 0.024315 0.013473 0.037822 0.125481 
images/test_heatmap/1500x3000.gif 0.070915 CUDA 0.054493 0.005166 0.059673 0.132467 
images/test_heatmap/1500x3500.gif 0.041934 OpenMP-6 0.028541 0.015716 0.044293 0.146471 
images/test_heatmap/1500x3500.gif 0.082997 CUDA 0.056522 0.006026 0.062561 0.154207 
images/test_heatmap/1500x4000.gif 0.047348 OpenMP-6 0.032679 0.018093 0.050806 0.166838 
images/test_heatmap/1500x4000.gif 0.114799 CUDA 0.057919 0.006654 0.064586 0.176702 
images/test_heatmap/1500x4500.gif 0.053811 OpenMP-6 0.037034 0.020248 0.057318 0.186573 
images/test_heatmap/1500x4500.gif 0.109843 CUDA 0.059988 0.007406 0.067407 0.200012 
images/test_heatmap/1500x5000.gif 0.058450 OpenMP-6 0.041055 0.022528 0.063619 0.207636 
images/test_heatmap/1500x5000.gif 0.092340 CUDA 0.062126 0.008228 0.070367 0.222965 
images/test_heatmap/2000x1000.gif 0.017740 OpenMP-6 0.009714 0.005876 0.015623 0.058778 
images/test_heatmap/2000x1000.gif 0.074262 CUDA 0.051084 0.002595 0.053690 0.062065 
images/test_heatmap/2000x1500.gif 0.025140 OpenMP-6 0.016020 0.008874 0.024927 0.084115 
images/test_heatmap/2000x1500.gif 0.058725 CUDA 0.051989 0.003578 0.055579 0.091144 
images/test_heatmap/2000x2000.gif 0.071479 OpenMP-6 0.021209 0.011931 0.033175 0.111811 
images/test_heatmap/2000x2000.gif 0.087689 CUDA 0.054610 0.004600 0.059223 0.121424 
images/test_heatmap/2000x2500.gif 0.040149 OpenMP-6 0.026798 0.014996 0.041830 0.138968 
images/test_heatmap/2000x2500.gif 0.088857 CUDA 0.056596 0.005641 0.062250 0.148988 
images/test_heatmap/2000x3000.gif 0.053929 OpenMP-6 0.032661 0.017991 0.050692 0.166450 
images/test_heatmap/2000x3000.gif 0.113367 CUDA 0.061205 0.006676 0.067894 0.181077 
images/test_heatmap/2000x3500.gif 0.055755 OpenMP-6 0.038258 0.021104 0.059395 0.192956 
images/test_heatmap/2000x3500.gif 0.121140 CUDA 0.060724 0.007606 0.068343 0.205288 
images/test_heatmap/2000x4000.gif 0.063082 OpenMP-6 0.043667 0.024218 0.067921 0.220345 
images/test_heatmap/2000x4000.gif 0.108492 CUDA 0.062764 0.008690 0.071468 0.234660 
images/test_heatmap/2000x4500.gif 0.076075 OpenMP-6 0.049558 0.028380 0.077974 0.246442 
images/test_heatmap/2000x4500.gif 0.133227 CUDA 0.064139 0.009648 0.073800 0.263413 
images/test_heatmap/2000x5000.gif 0.082776 OpenMP-6 0.054735 0.031496 0.086269 0.274053 
images/test_heatmap/2000x5000.gif 0.150298 CUDA 0.073744 0.010723 0.084479 0.290184 
images/test_heatmap/2500x1000.gif 0.020416 OpenMP-6 0.012580 0.007398 0.020014 0.072920 
images/test_heatmap/2500x1000.gif 0.069870 CUDA 0.051370 0.003099 0.054480 0.078797 
images/test_heatmap/2500x1500.gif 0.030667 OpenMP-6 0.019774 0.011167 0.030975 0.105460 
images/test_heatmap/2500x1500.gif 0.075456 CUDA 0.056406 0.004555 0.060976 0.117225 
images/test_heatmap/2500x2000.gif 0.076347 OpenMP-6 0.026947 0.014989 0.041970 0.139103 
images/test_heatmap/2500x2000.gif 0.073588 CUDA 0.057882 0.005662 0.063557 0.148461 
images/test_heatmap/2500x2500.gif 0.049817 OpenMP-6 0.033771 0.018772 0.052580 0.172170 
images/test_heatmap/2500x2500.gif 0.104377 CUDA 0.059359 0.006865 0.066237 0.186193 
images/test_heatmap/2500x3000.gif 0.059331 OpenMP-6 0.041048 0.022522 0.063608 0.206279 
images/test_heatmap/2500x3000.gif 0.115777 CUDA 0.061726 0.008178 0.069917 0.220809 
images/test_heatmap/2500x3500.gif 0.072075 OpenMP-6 0.047969 0.027610 0.075617 0.240280 
images/test_heatmap/2500x3500.gif 0.128079 CUDA 0.064486 0.009475 0.073974 0.256014 
images/test_heatmap/2500x4000.gif 0.077858 OpenMP-6 0.054879 0.031530 0.086451 0.270752 
images/test_heatmap/2500x4000.gif 0.141901 CUDA 0.067514 0.010746 0.078273 0.291842 
images/test_heatmap/2500x4500.gif 0.088023 OpenMP-6 0.062256 0.035470 0.097761 0.308205 
images/test_heatmap/2500x4500.gif 0.169711 CUDA 0.069498 0.011887 0.081399 0.325223 
images/test_heatmap/2500x5000.gif 0.099589 OpenMP-6 0.069627 0.039340 0.109002 0.342320 
images/test_heatmap/2500x5000.gif 0.186607 CUDA 0.072432 0.013098 0.085542 0.362820 
images/test_heatmap/3000x1000.gif 0.025014 OpenMP-6 0.014911 0.008838 0.023783 0.085896 
images/test_heatmap/3000x1000.gif 0.074666 CUDA 0.052238 0.003599 0.055850 0.092719 
images/test_heatmap/3000x1500.gif 0.042114 OpenMP-6 0.023944 0.013469 0.037445 0.124801 
images/test_heatmap/3000x1500.gif 0.087480 CUDA 0.055242 0.005118 0.060374 0.135820 
images/test_heatmap/3000x2000.gif 0.049927 OpenMP-6 0.032145 0.017980 0.050158 0.164283 
images/test_heatmap/3000x2000.gif 0.095893 CUDA 0.058873 0.006604 0.065490 0.178199 
images/test_heatmap/3000x2500.gif 0.059573 OpenMP-6 0.040568 0.022532 0.063134 0.206206 
images/test_heatmap/3000x2500.gif 0.112706 CUDA 0.061893 0.008103 0.070010 0.219612 
images/test_heatmap/3000x3000.gif 0.087797 OpenMP-6 0.049507 0.028645 0.078188 0.247327 
images/test_heatmap/3000x3000.gif 0.136125 CUDA 0.064884 0.009637 0.074534 0.261702 
images/test_heatmap/3000x3500.gif 0.081872 OpenMP-6 0.058270 0.033197 0.091498 0.286589 
images/test_heatmap/3000x3500.gif 0.163158 CUDA 0.067271 0.011241 0.078524 0.305286 
images/test_heatmap/3000x4000.gif 0.092470 OpenMP-6 0.066058 0.037737 0.103831 0.327755 
images/test_heatmap/3000x4000.gif 0.172988 CUDA 0.070338 0.012516 0.082866 0.346924 
images/test_heatmap/3000x4500.gif 0.103836 OpenMP-6 0.074935 0.042584 0.117558 0.368480 
images/test_heatmap/3000x4500.gif 0.196844 CUDA 0.076718 0.014138 0.090869 0.391381 
images/test_heatmap/3000x5000.gif 0.115389 OpenMP-6 0.083199 0.047215 0.130451 0.408502 
images/test_heatmap/3000x5000.gif 0.236646 CUDA 0.081597 0.015652 0.097262 0.432811 
images/test_heatmap/3500x1000.gif 0.033679 OpenMP-6 0.018011 0.010350 0.028393 0.099618 
images/test_heatmap/3500x1000.gif 0.066019 CUDA 0.053620 0.004110 0.057743 0.105809 
images/test_heatmap/3500x1500.gif 0.041615 OpenMP-6 0.028150 0.015721 0.043910 0.144964 
images/test_heatmap/3500x1500.gif 0.086966 CUDA 0.057871 0.005984 0.063868 0.156230 
images/test_heatmap/3500x2000.gif 0.055932 OpenMP-6 0.037995 0.021020 0.059051 0.193555 
images/test_heatmap/3500x2000.gif 0.094608 CUDA 0.060695 0.007694 0.068402 0.205507 
images/test_heatmap/3500x2500.gif 0.072850 OpenMP-6 0.047894 0.027666 0.075597 0.241638 
images/test_heatmap/3500x2500.gif 0.126261 CUDA 0.063837 0.009408 0.073258 0.254732 
images/test_heatmap/3500x3000.gif 0.082026 OpenMP-6 0.057994 0.033141 0.091172 0.287027 
images/test_heatmap/3500x3000.gif 0.161091 CUDA 0.074206 0.011292 0.085511 0.307455 
images/test_heatmap/3500x3500.gif 0.095310 OpenMP-6 0.067737 0.038637 0.106414 0.335674 
images/test_heatmap/3500x3500.gif 0.158637 CUDA 0.072221 0.012867 0.085101 0.355876 
images/test_heatmap/3500x4000.gif 0.108611 OpenMP-6 0.077346 0.044125 0.121511 0.381672 
images/test_heatmap/3500x4000.gif 0.183735 CUDA 0.075137 0.014711 0.089861 0.406813 
images/test_heatmap/3500x4500.gif 0.125234 OpenMP-6 0.087649 0.049854 0.137539 0.426893 
images/test_heatmap/3500x4500.gif 0.204159 CUDA 0.081185 0.016604 0.097800 0.455871 
images/test_heatmap/3500x5000.gif 0.156356 OpenMP-6 0.097525 0.055094 0.152659 0.476481 
images/test_heatmap/3500x5000.gif 0.249802 CUDA 0.084999 0.018713 0.103726 0.504304 
images/test_heatmap/4000x1000.gif 0.035403 OpenMP-6 0.020501 0.011918 0.032453 0.113545 
images/test_heatmap/4000x1000.gif 0.073957 CUDA 0.054453 0.004606 0.059072 0.119958 
images/test_heatmap/4000x1500.gif 0.049058 OpenMP-6 0.032340 0.018004 0.050378 0.166954 
images/test_heatmap/4000x1500.gif 0.107288 CUDA 0.058341 0.006603 0.064958 0.177596 
images/test_heatmap/4000x2000.gif 0.062418 OpenMP-6 0.043395 0.024037 0.067466 0.219469 
images/test_heatmap/4000x2000.gif 0.125707 CUDA 0.062688 0.008694 0.071394 0.235330 
images/test_heatmap/4000x2500.gif 0.082896 OpenMP-6 0.054364 0.031519 0.085922 0.274549 
images/test_heatmap/4000x2500.gif 0.144403 CUDA 0.066765 0.010682 0.077461 0.291764 
images/test_heatmap/4000x3000.gif 0.096450 OpenMP-6 0.066626 0.038308 0.104973 0.327269 
images/test_heatmap/4000x3000.gif 0.174030 CUDA 0.070453 0.012650 0.083116 0.347704 
images/test_heatmap/4000x3500.gif 0.112598 OpenMP-6 0.077404 0.044011 0.121451 0.380856 
images/test_heatmap/4000x3500.gif 0.175935 CUDA 0.075400 0.014690 0.090105 0.403363 
images/test_heatmap/4000x4000.gif 0.123824 OpenMP-6 0.088369 0.050540 0.138945 0.439031 
images/test_heatmap/4000x4000.gif 0.223998 CUDA 0.084081 0.016778 0.100871 0.460594 
images/test_heatmap/4000x4500.gif 0.141397 OpenMP-6 0.100769 0.056710 0.157518 0.491375 
images/test_heatmap/4000x4500.gif 0.223899 CUDA 0.084716 0.019202 0.103931 0.518340 
images/test_heatmap/4000x5000.gif 0.153709 OpenMP-6 0.112552 0.062954 0.175545 0.544936 
images/test_heatmap/4000x5000.gif 0.271536 CUDA 0.096303 0.020663 0.116978 0.575778 
images/test_heatmap/4500x1000.gif 0.036046 OpenMP-6 0.023416 0.013375 0.036826 0.127189 
images/test_heatmap/4500x1000.gif 0.114159 CUDA 0.057992 0.005168 0.063173 0.134003 
images/test_heatmap/4500x1500.gif 0.053182 OpenMP-6 0.036569 0.020326 0.056929 0.190117 
images/test_heatmap/4500x1500.gif 0.115879 CUDA 0.059770 0.007348 0.067132 0.198716 
images/test_heatmap/4500x2000.gif 0.068845 OpenMP-6 0.049270 0.028447 0.077756 0.247335 
images/test_heatmap/4500x2000.gif 0.119174 CUDA 0.066186 0.009662 0.075860 0.264526 
images/test_heatmap/4500x2500.gif 0.087214 OpenMP-6 0.061260 0.035358 0.096655 0.307360 
images/test_heatmap/4500x2500.gif 0.173429 CUDA 0.069158 0.011934 0.081105 0.326961 
images/test_heatmap/4500x3000.gif 0.103947 OpenMP-6 0.075024 0.042486 0.117549 0.368165 
images/test_heatmap/4500x3000.gif 0.167228 CUDA 0.073340 0.014128 0.087481 0.391728 
images/test_heatmap/4500x3500.gif 0.121167 OpenMP-6 0.087168 0.049946 0.137151 0.427640 
images/test_heatmap/4500x3500.gif 0.223266 CUDA 0.081977 0.016706 0.098695 0.453298 
images/test_heatmap/4500x4000.gif 0.143782 OpenMP-6 0.153564 0.057821 0.211430 0.488891 
images/test_heatmap/4500x4000.gif 0.274553 CUDA 0.085378 0.019393 0.104784 0.518003 
images/test_heatmap/4500x4500.gif 0.172642 OpenMP-6 0.113454 0.063871 0.177367 0.565062 
images/test_heatmap/4500x4500.gif 0.264649 CUDA 0.090798 0.020941 0.111751 0.582795 
images/test_heatmap/4500x5000.gif 0.171719 OpenMP-6 0.125789 0.070973 0.196800 0.609567 
images/test_heatmap/4500x5000.gif 0.308654 CUDA 0.089388 0.024222 0.113622 0.647885 
images/test_heatmap/5000x1000.gif 0.041198 OpenMP-6 0.025912 0.014897 0.040845 0.139985 
images/test_heatmap/5000x1000.gif 0.091422 CUDA 0.056401 0.005575 0.061989 0.151208 
images/test_heatmap/5000x1500.gif 0.059469 OpenMP-6 0.040775 0.022547 0.063358 0.206155 
images/test_heatmap/5000x1500.gif 0.144894 CUDA 0.060076 0.008027 0.068117 0.222855 
images/test_heatmap/5000x2000.gif 0.077928 OpenMP-6 0.054693 0.031478 0.086208 0.274279 
images/test_heatmap/5000x2000.gif 0.155937 CUDA 0.066067 0.010534 0.076617 0.291673 
images/test_heatmap/5000x2500.gif 0.096263 OpenMP-6 0.068679 0.039570 0.108285 0.341916 
images/test_heatmap/5000x2500.gif 0.177795 CUDA 0.071107 0.012889 0.084010 0.362600 
images/test_heatmap/5000x3000.gif 0.115252 OpenMP-6 0.083159 0.047340 0.130537 0.408522 
images/test_heatmap/5000x3000.gif 0.223722 CUDA 0.078426 0.015533 0.093971 0.432336 
images/test_heatmap/5000x3500.gif 0.135976 OpenMP-6 0.097766 0.055107 0.152916 0.475101 
images/test_heatmap/5000x3500.gif 0.251536 CUDA 0.082504 0.017822 0.100339 0.503854 
images/test_heatmap/5000x4000.gif 0.156495 OpenMP-6 0.111137 0.062980 0.174163 0.540651 
images/test_heatmap/5000x4000.gif 0.260061 CUDA 0.093271 0.021079 0.114363 0.575235 
images/test_heatmap/5000x4500.gif 0.172319 OpenMP-6 0.126210 0.070828 0.197079 0.610055 
images/test_heatmap/5000x4500.gif 0.304380 CUDA 0.087033 0.023478 0.110524 0.647100 
images/test_heatmap/5000x5000.gif 0.194794 OpenMP-6 0.139017 0.078484 0.217546 0.676861 
images/test_heatmap/5000x5000.gif 0.322849 CUDA 0.094414 0.026016 0.120443 0.720615 
