images/test/10000.gif 0.069525 classic 0.054489 0.041671 0.096183 0.116215 
images/test/10000.gif 0.022861 OpenMP-1 0.042647 0.026627 0.069317 0.057869 
images/test/10000.gif 0.017493 OpenMP-2 0.025076 0.014911 0.040020 0.057586 
images/test/10000.gif 0.017056 OpenMP-3 0.017404 0.010617 0.028057 0.056550 
images/test/10000.gif 0.016747 OpenMP-4 0.013812 0.008103 0.021949 0.057198 
images/test/10000.gif 0.018964 OpenMP-5 0.011294 0.006746 0.018073 0.057019 
images/test/10000.gif 0.016479 OpenMP-6 0.010077 0.005874 0.015990 0.056627 
images/test/10000.gif 0.047686 CUDA 0.094752 0.003129 0.098018 0.115570 
images/test/10000.gif 0.044916 MPI-1_classic 0.110629 0.036178 0.163805 0.109816 
images/test/10000.gif 0.046950 MPI-2_classic 0.060146 0.019688 0.090066 0.107371 
images/test/10000.gif 0.044992 MPI-3_classic 0.051629 0.013338 0.073982 0.107297 
images/test/10000.gif 0.047659 MPI-4_classic 0.043545 0.010257 0.061315 0.108028 
images/test/10000.gif 0.046914 MPI-5_classic 0.032181 0.008362 0.048664 0.115013 
images/test/10000.gif 0.049669 MPI-6_classic 0.031236 0.007226 0.048949 0.111960 
images/test/10000.gif 0.043975 MPI-1_OpenMP 0.072298 0.029358 0.123612 0.107561 
images/test/10000.gif 0.057374 MPI-2_OpenMP 0.055953 0.013575 0.091535 0.120475 
images/test/10000.gif 0.047499 MPI-3_OpenMP 0.049261 0.011848 0.073784 0.144669 
images/test/10000.gif 0.048330 MPI-4_OpenMP 0.045010 0.012294 0.068624 0.136783 
images/test/10000.gif 0.047025 MPI-5_OpenMP 0.054922 0.010677 0.080603 0.152040 
images/test/10000.gif 0.047317 MPI-6_OpenMP 0.065749 0.009267 0.094984 0.129773 
images/test/10000.gif 0.047142 MPI-1_Cuda 0.109022 0.003074 0.132183 0.113328 
images/test/10000.gif 0.048506 MPI-2_Cuda 0.241221 0.004985 0.256535 0.137230 
images/test/10000.gif 0.046651 MPI-3_Cuda 0.492372 0.015760 0.514265 0.106394 
images/test/10000.gif 0.049343 MPI-4_Cuda 0.651032 0.007831 0.665856 0.113621 
images/test/10000.gif 0.046844 MPI-5_Cuda 0.897230 0.038338 0.941583 0.118705 
images/test/10000.gif 0.073398 MPI-6_Cuda 2.603920 0.076852 2.692880 0.121300 
images/test/11000.gif 0.074137 classic 0.055340 0.037910 0.093426 0.122266 
images/test/11000.gif 0.022019 OpenMP-1 0.047431 0.029972 0.077431 0.068208 
images/test/11000.gif 0.018972 OpenMP-2 0.027934 0.016392 0.044356 0.065692 
images/test/11000.gif 0.018428 OpenMP-3 0.019118 0.011709 0.030858 0.065713 
images/test/11000.gif 0.019263 OpenMP-4 0.015107 0.008933 0.024072 0.065867 
images/test/11000.gif 0.018086 OpenMP-5 0.012673 0.007369 0.020069 0.065690 
images/test/11000.gif 0.018199 OpenMP-6 0.011382 0.006382 0.017795 0.064450 
images/test/11000.gif 0.058249 CUDA 0.087792 0.003144 0.090953 0.125781 
images/test/11000.gif 0.048677 MPI-1_classic 0.116641 0.038866 0.173491 0.122021 
images/test/11000.gif 0.048996 MPI-2_classic 0.082744 0.020811 0.113543 0.123378 
images/test/11000.gif 0.052880 MPI-3_classic 0.046690 0.014188 0.069737 0.120300 
images/test/11000.gif 0.050528 MPI-4_classic 0.041420 0.011373 0.061713 0.123599 
images/test/11000.gif 0.051829 MPI-5_classic 0.056713 0.010270 0.080043 0.124705 
images/test/11000.gif 0.050706 MPI-6_classic 0.038993 0.008173 0.058201 0.145335 
images/test/11000.gif 0.046141 MPI-1_OpenMP 0.064004 0.021972 0.103985 0.120576 
images/test/11000.gif 0.048778 MPI-2_OpenMP 0.052379 0.012852 0.075198 0.119015 
images/test/11000.gif 0.046323 MPI-3_OpenMP 0.070271 0.012417 0.093288 0.127800 
images/test/11000.gif 0.047701 MPI-4_OpenMP 0.066347 0.011927 0.092256 0.138941 
images/test/11000.gif 0.050320 MPI-5_OpenMP 0.061374 0.010312 0.082939 0.148026 
images/test/11000.gif 0.051129 MPI-6_OpenMP 0.067973 0.011242 0.091226 0.171887 
images/test/11000.gif 0.052993 MPI-1_Cuda 0.095732 0.003135 0.116377 0.129195 
images/test/11000.gif 0.051648 MPI-2_Cuda 0.270075 0.004816 0.286118 0.119813 
images/test/11000.gif 0.055456 MPI-3_Cuda 0.410947 0.005846 0.425910 0.124070 
images/test/11000.gif 0.058201 MPI-4_Cuda 1.299929 0.015165 1.322493 0.134608 
images/test/11000.gif 0.056652 MPI-5_Cuda 1.054457 0.039988 1.112693 0.132396 
images/test/11000.gif 0.051753 MPI-6_Cuda 2.536583 0.048200 2.591746 0.129236 
images/test/12000.gif 0.082435 classic 0.060012 0.042125 0.102222 0.128645 
images/test/12000.gif 0.025028 OpenMP-1 0.050969 0.032389 0.083388 0.068735 
images/test/12000.gif 0.020603 OpenMP-2 0.030031 0.017938 0.048000 0.068354 
images/test/12000.gif 0.019932 OpenMP-3 0.020837 0.012740 0.033607 0.068466 
images/test/12000.gif 0.019883 OpenMP-4 0.016642 0.009771 0.026446 0.068753 
images/test/12000.gif 0.019995 OpenMP-5 0.013741 0.008045 0.021816 0.068579 
images/test/12000.gif 0.021191 OpenMP-6 0.012205 0.007145 0.019384 0.067970 
images/test/12000.gif 0.061476 CUDA 0.083667 0.003317 0.087115 0.138421 
images/test/12000.gif 0.053355 MPI-1_classic 0.130829 0.043195 0.194348 0.129551 
images/test/12000.gif 0.056383 MPI-2_classic 0.080085 0.022835 0.113189 0.131272 
images/test/12000.gif 0.053329 MPI-3_classic 0.054606 0.015216 0.079117 0.128886 
images/test/12000.gif 0.055228 MPI-4_classic 0.043301 0.012734 0.065375 0.129865 
images/test/12000.gif 0.081318 MPI-5_classic 0.055534 0.010210 0.074296 0.132662 
images/test/12000.gif 0.057528 MPI-6_classic 0.037858 0.008463 0.058308 0.136742 
images/test/12000.gif 0.048878 MPI-1_OpenMP 0.094524 0.032134 0.146579 0.130542 
images/test/12000.gif 0.053751 MPI-2_OpenMP 0.057981 0.017872 0.087892 0.175425 
images/test/12000.gif 0.054649 MPI-3_OpenMP 0.068617 0.012743 0.094681 0.131485 
images/test/12000.gif 0.055392 MPI-4_OpenMP 0.053571 0.010689 0.081446 0.141147 
images/test/12000.gif 0.057247 MPI-5_OpenMP 0.052795 0.012508 0.077482 0.144433 
images/test/12000.gif 0.065448 MPI-6_OpenMP 0.051918 0.015872 0.080710 0.169276 
images/test/12000.gif 0.066467 MPI-1_Cuda 0.105322 0.004046 0.129676 0.124720 
images/test/12000.gif 0.061089 MPI-2_Cuda 0.275009 0.005707 0.291752 0.128823 
images/test/12000.gif 0.052423 MPI-3_Cuda 0.411392 0.007969 0.428779 0.125508 
images/test/12000.gif 0.054567 MPI-4_Cuda 0.676342 0.011542 0.696163 0.157445 
images/test/12000.gif 0.055086 MPI-5_Cuda 1.989119 0.039149 2.037980 0.130867 
images/test/12000.gif 0.061357 MPI-6_Cuda 2.445407 0.033152 2.503870 0.146681 
images/test/2000.gif 0.030041 classic 0.009271 0.010122 0.019406 0.024043 
images/test/2000.gif 0.005289 OpenMP-1 0.008824 0.005618 0.014456 0.014243 
images/test/2000.gif 0.003999 OpenMP-2 0.004957 0.003076 0.008047 0.012423 
images/test/2000.gif 0.003739 OpenMP-3 0.003486 0.002239 0.005738 0.012668 
images/test/2000.gif 0.003700 OpenMP-4 0.002684 0.001679 0.004377 0.012391 
images/test/2000.gif 0.003660 OpenMP-5 0.002169 0.001348 0.003530 0.012304 
images/test/2000.gif 0.003674 OpenMP-6 0.001920 0.001165 0.003099 0.012708 
images/test/2000.gif 0.010476 CUDA 0.083103 0.001184 0.084304 0.023483 
images/test/2000.gif 0.009849 MPI-1_classic 0.022976 0.008318 0.034489 0.023213 
images/test/2000.gif 0.009666 MPI-2_classic 0.014819 0.006088 0.022881 0.031594 
images/test/2000.gif 0.010403 MPI-3_classic 0.009103 0.002688 0.014806 0.024547 
images/test/2000.gif 0.011626 MPI-4_classic 0.011584 0.002041 0.016048 0.025105 
images/test/2000.gif 0.010047 MPI-5_classic 0.012893 0.001687 0.027155 0.026535 
images/test/2000.gif 0.012571 MPI-6_classic 0.009163 0.001443 0.013066 0.039170 
images/test/2000.gif 0.010643 MPI-1_OpenMP 0.015423 0.004930 0.023544 0.024507 
images/test/2000.gif 0.010128 MPI-2_OpenMP 0.019743 0.003751 0.026751 0.023933 
images/test/2000.gif 0.010391 MPI-3_OpenMP 0.022302 0.004078 0.029677 0.025884 
images/test/2000.gif 0.010302 MPI-4_OpenMP 0.025928 0.002775 0.033310 0.025253 
images/test/2000.gif 0.012016 MPI-5_OpenMP 0.025691 0.006661 0.036610 0.055189 
images/test/2000.gif 0.011327 MPI-6_OpenMP 0.022441 0.003343 0.030622 0.048914 
images/test/2000.gif 0.009852 MPI-1_Cuda 0.090787 0.001135 0.096411 0.023034 
images/test/2000.gif 0.009858 MPI-2_Cuda 0.238241 0.001428 0.241848 0.024049 
images/test/2000.gif 0.011564 MPI-3_Cuda 0.490829 0.004625 0.497346 0.023284 
images/test/2000.gif 0.010728 MPI-4_Cuda 0.601729 0.004536 0.608886 0.024469 
images/test/2000.gif 0.011535 MPI-5_Cuda 1.867397 0.011033 1.881964 0.027965 
images/test/2000.gif 0.011354 MPI-6_Cuda 1.125218 0.018208 1.148756 0.024764 
images/test/3000.gif 0.031150 classic 0.015801 0.011004 0.026818 0.035068 
images/test/3000.gif 0.007530 OpenMP-1 0.014512 0.009546 0.024076 0.020611 
images/test/3000.gif 0.005795 OpenMP-2 0.007705 0.004699 0.012418 0.018823 
images/test/3000.gif 0.005443 OpenMP-3 0.005269 0.003338 0.008621 0.018952 
images/test/3000.gif 0.005331 OpenMP-4 0.004026 0.002512 0.006552 0.019003 
images/test/3000.gif 0.005306 OpenMP-5 0.003441 0.001974 0.005437 0.018649 
images/test/3000.gif 0.005521 OpenMP-6 0.002905 0.001732 0.004653 0.019385 
images/test/3000.gif 0.016331 CUDA 0.070767 0.001490 0.072275 0.042626 
images/test/3000.gif 0.016249 MPI-1_classic 0.032289 0.010646 0.048239 0.034511 
images/test/3000.gif 0.014757 MPI-2_classic 0.021628 0.006912 0.034804 0.047896 
images/test/3000.gif 0.013701 MPI-3_classic 0.013965 0.004010 0.021096 0.034776 
images/test/3000.gif 0.016216 MPI-4_classic 0.014284 0.003051 0.026117 0.036146 
images/test/3000.gif 0.014960 MPI-5_classic 0.022249 0.002492 0.027475 0.037513 
images/test/3000.gif 0.016521 MPI-6_classic 0.016768 0.002147 0.040397 0.052531 
images/test/3000.gif 0.014539 MPI-1_OpenMP 0.022265 0.008328 0.035920 0.035758 
images/test/3000.gif 0.017515 MPI-2_OpenMP 0.022465 0.006238 0.031668 0.036623 
images/test/3000.gif 0.016389 MPI-3_OpenMP 0.029711 0.006149 0.040500 0.040972 
images/test/3000.gif 0.015085 MPI-4_OpenMP 0.016821 0.003835 0.033263 0.045512 
images/test/3000.gif 0.016089 MPI-5_OpenMP 0.025695 0.005553 0.040126 0.077701 
images/test/3000.gif 0.016379 MPI-6_OpenMP 0.036562 0.002740 0.056406 0.063549 
images/test/3000.gif 0.014669 MPI-1_Cuda 0.094986 0.001447 0.102894 0.035981 
images/test/3000.gif 0.016563 MPI-2_Cuda 0.253458 0.004150 0.261626 0.039662 
images/test/3000.gif 0.016301 MPI-3_Cuda 0.418303 0.003548 0.425263 0.036327 
images/test/3000.gif 0.017881 MPI-4_Cuda 0.741401 0.003941 0.749036 0.042996 
images/test/3000.gif 0.017291 MPI-5_Cuda 1.051429 0.012788 1.073803 0.044621 
images/test/3000.gif 0.017176 MPI-6_Cuda 1.234320 0.033609 1.273754 0.041675 
images/test/4000.gif 0.042629 classic 0.021816 0.016632 0.038465 0.050566 
images/test/4000.gif 0.011972 OpenMP-1 0.016978 0.011241 0.028234 0.025198 
images/test/4000.gif 0.007189 OpenMP-2 0.010218 0.006181 0.016415 0.023967 
images/test/4000.gif 0.006971 OpenMP-3 0.007032 0.004444 0.011493 0.023916 
images/test/4000.gif 0.006980 OpenMP-4 0.005434 0.003368 0.008821 0.024052 
images/test/4000.gif 0.006970 OpenMP-5 0.004505 0.002769 0.007292 0.024228 
images/test/4000.gif 0.007027 OpenMP-6 0.003932 0.002411 0.006363 0.024291 
images/test/4000.gif 0.024151 CUDA 0.083082 0.001621 0.084834 0.045026 
images/test/4000.gif 0.019317 MPI-1_classic 0.044032 0.014059 0.064605 0.045875 
images/test/4000.gif 0.020144 MPI-2_classic 0.023241 0.007955 0.035667 0.047899 
images/test/4000.gif 0.021079 MPI-3_classic 0.018152 0.005396 0.029253 0.046685 
images/test/4000.gif 0.019542 MPI-4_classic 0.015948 0.004089 0.027543 0.045819 
images/test/4000.gif 0.020250 MPI-5_classic 0.011355 0.003316 0.021812 0.048822 
images/test/4000.gif 0.020475 MPI-6_classic 0.019590 0.002878 0.041027 0.047875 
images/test/4000.gif 0.018887 MPI-1_OpenMP 0.032598 0.010218 0.049928 0.045778 
images/test/4000.gif 0.019968 MPI-2_OpenMP 0.033503 0.007808 0.046680 0.065965 
images/test/4000.gif 0.021246 MPI-3_OpenMP 0.033847 0.006647 0.046243 0.059697 
images/test/4000.gif 0.019789 MPI-4_OpenMP 0.027955 0.004965 0.037089 0.064712 
images/test/4000.gif 0.022326 MPI-5_OpenMP 0.027137 0.004160 0.042928 0.071116 
images/test/4000.gif 0.020530 MPI-6_OpenMP 0.036112 0.003611 0.059557 0.055585 
images/test/4000.gif 0.018753 MPI-1_Cuda 0.093454 0.001631 0.102434 0.045563 
images/test/4000.gif 0.018313 MPI-2_Cuda 0.240613 0.002332 0.247214 0.045510 
images/test/4000.gif 0.019884 MPI-3_Cuda 0.413539 0.014010 0.431163 0.044101 
images/test/4000.gif 0.020168 MPI-4_Cuda 0.639049 0.016983 0.660239 0.050745 
images/test/4000.gif 0.019542 MPI-5_Cuda 1.958048 0.027170 1.988665 0.056662 
images/test/4000.gif 0.020136 MPI-6_Cuda 2.362067 0.011395 2.376301 0.048418 
images/test/5000.gif 0.029535 classic 0.024913 0.018908 0.043839 0.054464 
images/test/5000.gif 0.010688 OpenMP-1 0.021301 0.013588 0.034909 0.030264 
images/test/5000.gif 0.009010 OpenMP-2 0.012696 0.007634 0.020348 0.029497 
images/test/5000.gif 0.008743 OpenMP-3 0.008684 0.005268 0.013972 0.029733 
images/test/5000.gif 0.008644 OpenMP-4 0.006789 0.004037 0.010846 0.029157 
images/test/5000.gif 0.008515 OpenMP-5 0.005633 0.003516 0.009169 0.029911 
images/test/5000.gif 0.008647 OpenMP-6 0.004845 0.002888 0.007756 0.029969 
images/test/5000.gif 0.024997 CUDA 0.078479 0.001744 0.080240 0.056058 
images/test/5000.gif 0.024967 MPI-1_classic 0.053277 0.017647 0.078982 0.055267 
images/test/5000.gif 0.022573 MPI-2_classic 0.029609 0.009642 0.044236 0.055236 
images/test/5000.gif 0.027976 MPI-3_classic 0.022675 0.006803 0.036680 0.055756 
images/test/5000.gif 0.023386 MPI-4_classic 0.026707 0.005050 0.036556 0.066200 
images/test/5000.gif 0.029434 MPI-5_classic 0.015754 0.006027 0.029946 0.079785 
images/test/5000.gif 0.031180 MPI-6_classic 0.018071 0.003409 0.029015 0.065643 
images/test/5000.gif 0.024953 MPI-1_OpenMP 0.041608 0.016249 0.066050 0.062702 
images/test/5000.gif 0.025154 MPI-2_OpenMP 0.032422 0.008878 0.047679 0.065666 
images/test/5000.gif 0.021238 MPI-3_OpenMP 0.035531 0.007871 0.049042 0.057559 
images/test/5000.gif 0.024371 MPI-4_OpenMP 0.043431 0.004236 0.054117 0.058361 
images/test/5000.gif 0.024362 MPI-5_OpenMP 0.030919 0.005532 0.046151 0.080621 
images/test/5000.gif 0.024720 MPI-6_OpenMP 0.047505 0.004137 0.056866 0.079049 
images/test/5000.gif 0.022545 MPI-1_Cuda 0.094769 0.001792 0.106971 0.054375 
images/test/5000.gif 0.023831 MPI-2_Cuda 0.270743 0.002136 0.277704 0.053911 
images/test/5000.gif 0.023637 MPI-3_Cuda 0.396375 0.002849 0.405544 0.055866 
images/test/5000.gif 0.025641 MPI-4_Cuda 0.666748 0.013933 0.685905 0.068716 
images/test/5000.gif 0.029454 MPI-5_Cuda 0.902816 0.034253 0.944772 0.057247 
images/test/5000.gif 0.028455 MPI-6_Cuda 1.093044 0.006988 1.104056 0.059262 
images/test/6000.gif 0.050912 classic 0.032128 0.022833 0.055029 0.067629 
images/test/6000.gif 0.041560 OpenMP-1 0.030740 0.016489 0.047251 0.036727 
images/test/6000.gif 0.010676 OpenMP-2 0.014930 0.009193 0.024147 0.035915 
images/test/6000.gif 0.010196 OpenMP-3 0.010516 0.006408 0.016945 0.037069 
images/test/6000.gif 0.010280 OpenMP-4 0.008195 0.004916 0.013136 0.036863 
images/test/6000.gif 0.010066 OpenMP-5 0.006752 0.004073 0.010847 0.036927 
images/test/6000.gif 0.010267 OpenMP-6 0.005853 0.003588 0.009466 0.037205 
images/test/6000.gif 0.032416 CUDA 0.084726 0.002882 0.087625 0.067860 
images/test/6000.gif 0.029919 MPI-1_classic 0.063436 0.021118 0.094760 0.067642 
images/test/6000.gif 0.027696 MPI-2_classic 0.034624 0.011868 0.052496 0.067426 
images/test/6000.gif 0.028701 MPI-3_classic 0.027623 0.009091 0.041661 0.069860 
images/test/6000.gif 0.029261 MPI-4_classic 0.034036 0.005946 0.046979 0.068436 
images/test/6000.gif 0.028700 MPI-5_classic 0.028382 0.004658 0.045160 0.070407 
images/test/6000.gif 0.028624 MPI-6_classic 0.019649 0.004178 0.035603 0.071846 
images/test/6000.gif 0.026768 MPI-1_OpenMP 0.052089 0.016051 0.079268 0.071260 
images/test/6000.gif 0.027347 MPI-2_OpenMP 0.037693 0.008539 0.053996 0.071244 
images/test/6000.gif 0.026927 MPI-3_OpenMP 0.039979 0.008571 0.053808 0.107164 
images/test/6000.gif 0.026494 MPI-4_OpenMP 0.029292 0.006171 0.041370 0.081969 
images/test/6000.gif 0.028315 MPI-5_OpenMP 0.048739 0.005283 0.059480 0.095664 
images/test/6000.gif 0.029153 MPI-6_OpenMP 0.042112 0.005961 0.056890 0.106801 
images/test/6000.gif 0.029308 MPI-1_Cuda 0.096898 0.002058 0.109158 0.066753 
images/test/6000.gif 0.028285 MPI-2_Cuda 0.276352 0.002806 0.284879 0.082474 
images/test/6000.gif 0.027828 MPI-3_Cuda 0.456746 0.004152 0.470050 0.070305 
images/test/6000.gif 0.032995 MPI-4_Cuda 0.691952 0.004949 0.707980 0.076436 
images/test/6000.gif 0.029027 MPI-5_Cuda 1.886236 0.020079 1.910498 0.073298 
images/test/6000.gif 0.030467 MPI-6_Cuda 1.120747 0.023973 1.148859 0.088533 
images/test/7000.gif 0.044060 classic 0.034632 0.024518 0.059283 0.074990 
images/test/7000.gif 0.015079 OpenMP-1 0.029346 0.018646 0.048016 0.041854 
images/test/7000.gif 0.012539 OpenMP-2 0.017416 0.010339 0.027781 0.041693 
images/test/7000.gif 0.012009 OpenMP-3 0.011982 0.007399 0.019407 0.040913 
images/test/7000.gif 0.012053 OpenMP-4 0.009441 0.005702 0.015172 0.041705 
images/test/7000.gif 0.012077 OpenMP-5 0.007832 0.004663 0.012523 0.041062 
images/test/7000.gif 0.020714 OpenMP-6 0.007786 0.003989 0.011805 0.041478 
images/test/7000.gif 0.035625 CUDA 0.085970 0.002753 0.088741 0.083565 
images/test/7000.gif 0.028622 MPI-1_classic 0.063242 0.024595 0.099022 0.078654 
images/test/7000.gif 0.031949 MPI-2_classic 0.044200 0.013128 0.065865 0.075563 
images/test/7000.gif 0.036518 MPI-3_classic 0.043377 0.009414 0.062525 0.080734 
images/test/7000.gif 0.033869 MPI-4_classic 0.026821 0.007173 0.041869 0.079235 
images/test/7000.gif 0.044876 MPI-5_classic 0.026719 0.010882 0.044022 0.090204 
images/test/7000.gif 0.045295 MPI-6_classic 0.037460 0.007254 0.062848 0.100422 
images/test/7000.gif 0.030663 MPI-1_OpenMP 0.045449 0.016587 0.073802 0.080205 
images/test/7000.gif 0.032913 MPI-2_OpenMP 0.040372 0.010893 0.058375 0.078661 
images/test/7000.gif 0.032113 MPI-3_OpenMP 0.038296 0.010692 0.057508 0.083292 
images/test/7000.gif 0.032217 MPI-4_OpenMP 0.050267 0.008406 0.067243 0.084478 
images/test/7000.gif 0.032749 MPI-5_OpenMP 0.031185 0.007375 0.056124 0.084968 
images/test/7000.gif 0.031017 MPI-6_OpenMP 0.033027 0.006408 0.049103 0.095588 
images/test/7000.gif 0.033684 MPI-1_Cuda 0.092050 0.002250 0.106347 0.074203 
images/test/7000.gif 0.035624 MPI-2_Cuda 0.215092 0.003549 0.225610 0.073344 
images/test/7000.gif 0.032459 MPI-3_Cuda 0.401239 0.005285 0.412802 0.081198 
images/test/7000.gif 0.034566 MPI-4_Cuda 0.655059 0.007092 0.667350 0.077209 
images/test/7000.gif 0.033483 MPI-5_Cuda 0.964893 0.007352 0.979112 0.088586 
images/test/7000.gif 0.033716 MPI-6_Cuda 1.140469 0.050237 1.198984 0.112210 
images/test/8000.gif 0.057369 classic 0.038838 0.028398 0.067310 0.086846 
images/test/8000.gif 0.023447 OpenMP-1 0.033945 0.021182 0.055151 0.047005 
images/test/8000.gif 0.014173 OpenMP-2 0.020046 0.012069 0.032142 0.045945 
images/test/8000.gif 0.014018 OpenMP-3 0.013990 0.008469 0.022485 0.046126 
images/test/8000.gif 0.014121 OpenMP-4 0.010888 0.006451 0.017367 0.045994 
images/test/8000.gif 0.013552 OpenMP-5 0.009215 0.005308 0.014564 0.046315 
images/test/8000.gif 0.013274 OpenMP-6 0.008001 0.004747 0.012778 0.046412 
images/test/8000.gif 0.036409 CUDA 0.078488 0.003880 0.082390 0.094707 
images/test/8000.gif 0.037194 MPI-1_classic 0.084795 0.028390 0.126101 0.086417 
images/test/8000.gif 0.037281 MPI-2_classic 0.048886 0.014714 0.072375 0.084706 
images/test/8000.gif 0.036771 MPI-3_classic 0.037927 0.010478 0.055736 0.088880 
images/test/8000.gif 0.038916 MPI-4_classic 0.045401 0.009193 0.062104 0.089071 
images/test/8000.gif 0.038887 MPI-5_classic 0.037370 0.006704 0.051217 0.091275 
images/test/8000.gif 0.047875 MPI-6_classic 0.042054 0.005867 0.063930 0.098817 
images/test/8000.gif 0.035778 MPI-1_OpenMP 0.066524 0.021889 0.101386 0.087341 
images/test/8000.gif 0.037610 MPI-2_OpenMP 0.039741 0.011573 0.059289 0.117845 
images/test/8000.gif 0.033275 MPI-3_OpenMP 0.051087 0.010098 0.069090 0.112539 
images/test/8000.gif 0.035213 MPI-4_OpenMP 0.040452 0.010176 0.061087 0.089323 
images/test/8000.gif 0.034261 MPI-5_OpenMP 0.039630 0.008506 0.065221 0.109353 
images/test/8000.gif 0.036646 MPI-6_OpenMP 0.055706 0.014493 0.102398 0.129798 
images/test/8000.gif 0.038004 MPI-1_Cuda 0.090940 0.002507 0.106625 0.087155 
images/test/8000.gif 0.037838 MPI-2_Cuda 0.265272 0.003369 0.276549 0.086145 
images/test/8000.gif 0.037391 MPI-3_Cuda 0.483769 0.004904 0.496641 0.085695 
images/test/8000.gif 0.037682 MPI-4_Cuda 0.589379 0.005805 0.601879 0.089874 
images/test/8000.gif 0.037156 MPI-5_Cuda 0.941109 0.022065 0.969995 0.113076 
images/test/8000.gif 0.054699 MPI-6_Cuda 1.221840 0.031117 1.261288 0.110884 
images/test/9000.gif 0.059711 classic 0.044057 0.031916 0.076164 0.101839 
images/test/9000.gif 0.018127 OpenMP-1 0.039198 0.024592 0.063822 0.054989 
images/test/9000.gif 0.015650 OpenMP-2 0.022643 0.013338 0.036013 0.054099 
images/test/9000.gif 0.015133 OpenMP-3 0.015642 0.009469 0.025147 0.053699 
images/test/9000.gif 0.015249 OpenMP-4 0.012149 0.007257 0.019436 0.054497 
images/test/9000.gif 0.014900 OpenMP-5 0.010188 0.006007 0.016231 0.054290 
images/test/9000.gif 0.014973 OpenMP-6 0.009116 0.005245 0.014396 0.054566 
images/test/9000.gif 0.047245 CUDA 0.075336 0.002720 0.078075 0.101477 
images/test/9000.gif 0.042915 MPI-1_classic 0.096864 0.032522 0.143577 0.104450 
images/test/9000.gif 0.044603 MPI-2_classic 0.052443 0.016694 0.077198 0.100294 
images/test/9000.gif 0.043320 MPI-3_classic 0.041857 0.011514 0.060082 0.099905 
images/test/9000.gif 0.043889 MPI-4_classic 0.035959 0.009252 0.056067 0.103419 
images/test/9000.gif 0.044795 MPI-5_classic 0.034417 0.007541 0.053494 0.109543 
images/test/9000.gif 0.044126 MPI-6_classic 0.026999 0.006543 0.046625 0.116040 
images/test/9000.gif 0.043963 MPI-1_OpenMP 0.075647 0.031519 0.123195 0.102771 
images/test/9000.gif 0.042778 MPI-2_OpenMP 0.047742 0.011376 0.074308 0.104857 
images/test/9000.gif 0.040260 MPI-3_OpenMP 0.054425 0.008926 0.076421 0.111129 
images/test/9000.gif 0.045275 MPI-4_OpenMP 0.041786 0.015080 0.068237 0.126313 
images/test/9000.gif 0.038902 MPI-5_OpenMP 0.041701 0.013848 0.123640 0.115429 
images/test/9000.gif 0.050125 MPI-6_OpenMP 0.039273 0.012908 0.063018 0.145120 
images/test/9000.gif 0.041446 MPI-1_Cuda 0.087132 0.002894 0.105041 0.097360 
images/test/9000.gif 0.042235 MPI-2_Cuda 0.240773 0.010711 0.259731 0.101161 
images/test/9000.gif 0.042113 MPI-3_Cuda 0.381134 0.004064 0.391838 0.100461 
images/test/9000.gif 0.043860 MPI-4_Cuda 0.685812 0.034056 0.726693 0.114750 
images/test/9000.gif 0.058539 MPI-5_Cuda 1.974816 0.030589 2.014137 0.103069 
images/test/9000.gif 0.042218 MPI-6_Cuda 1.125812 0.051623 1.188028 0.108677 
