images/test/10000.gif 0.045681 classic 0.047002 0.037798 0.084954 0.111021 
images/test/10000.gif 0.021659 OpenMP-1 0.042806 0.027012 0.069845 0.057777 
images/test/10000.gif 0.017321 OpenMP-2 0.025201 0.014861 0.040090 0.056848 
images/test/10000.gif 0.017231 OpenMP-3 0.017537 0.010651 0.028216 0.056966 
images/test/10000.gif 0.019324 CUDA 0.063036 0.002589 0.065649 0.055475 
images/test/10000.gif 0.048644 MPI-1_classic 0.109965 0.037329 0.167219 0.102173 
images/test/10000.gif 0.049238 MPI-2_classic 0.102043 0.019490 0.190223 0.104572 
images/test/10000.gif 0.047678 MPI-3_classic 0.095526 0.013281 0.173724 0.110126 
images/test/10000.gif 0.048177 MPI-1_OpenMP 0.080631 0.029105 0.130405 0.109747 
images/test/10000.gif 0.044007 MPI-2_OpenMP 0.085163 0.010670 0.162859 0.109596 
images/test/10000.gif 0.047927 MPI-3_OpenMP 0.081671 0.009859 0.157803 0.108725 
images/test/10000.gif 0.047329 MPI-1_Cuda 0.093010 0.002870 0.115864 0.109419 
images/test/10000.gif 0.047126 MPI-2_Cuda 0.125844 0.001884 0.186067 0.103592 
images/test/10000.gif 0.046928 MPI-3_Cuda 0.133348 0.001568 0.201310 0.099519 
images/test/11000.gif 0.062961 classic 0.055922 0.040986 0.097060 0.118770 
images/test/11000.gif 0.025489 OpenMP-1 0.047515 0.029863 0.077405 0.066906 
images/test/11000.gif 0.019088 OpenMP-2 0.027770 0.016511 0.044311 0.065141 
images/test/11000.gif 0.018194 OpenMP-3 0.019134 0.011701 0.030880 0.066395 
images/test/11000.gif 0.021381 CUDA 0.071233 0.002857 0.074113 0.064072 
images/test/11000.gif 0.051915 MPI-1_classic 0.120864 0.041319 0.183780 0.124660 
images/test/11000.gif 0.053649 MPI-2_classic 0.107814 0.021450 0.195230 0.123285 
images/test/11000.gif 0.053042 MPI-3_classic 0.098591 0.014374 0.187332 0.121800 
images/test/11000.gif 0.050309 MPI-1_OpenMP 0.078113 0.023664 0.123581 0.123326 
images/test/11000.gif 0.052982 MPI-2_OpenMP 0.091455 0.011964 0.171358 0.125777 
images/test/11000.gif 0.050016 MPI-3_OpenMP 0.086146 0.011323 0.165608 0.127887 
images/test/11000.gif 0.053504 MPI-1_Cuda 0.096334 0.003155 0.121417 0.119546 
images/test/11000.gif 0.052911 MPI-2_Cuda 0.124307 0.002064 0.193058 0.118835 
images/test/11000.gif 0.053908 MPI-3_Cuda 0.142883 0.001658 0.218805 0.119280 
images/test/12000.gif 0.069263 classic 0.030722 0.035367 0.066104 0.077123 
images/test/12000.gif 0.023950 OpenMP-1 0.051659 0.032805 0.084501 0.068661 
images/test/12000.gif 0.020643 OpenMP-2 0.030382 0.017938 0.048355 0.068597 
images/test/12000.gif 0.019969 OpenMP-3 0.020814 0.012715 0.033563 0.067743 
images/test/12000.gif 0.022563 CUDA 0.061965 0.003018 0.065006 0.067086 
images/test/12000.gif 0.061214 MPI-1_classic 0.133437 0.043976 0.202973 0.133002 
images/test/12000.gif 0.057517 MPI-2_classic 0.118370 0.022998 0.208000 0.131927 
images/test/12000.gif 0.058810 MPI-3_classic 0.106919 0.015656 0.197032 0.129931 
images/test/12000.gif 0.051632 MPI-1_OpenMP 0.085230 0.033903 0.143016 0.132490 
images/test/12000.gif 0.052425 MPI-2_OpenMP 0.097938 0.017317 0.187013 0.131617 
images/test/12000.gif 0.056054 MPI-3_OpenMP 0.090291 0.008476 0.175567 0.131974 
images/test/12000.gif 0.058379 MPI-1_Cuda 0.104685 0.003823 0.132651 0.126904 
images/test/12000.gif 0.059111 MPI-2_Cuda 0.132206 0.002135 0.199930 0.126654 
images/test/12000.gif 0.060708 MPI-3_Cuda 0.145503 0.001699 0.229596 0.126959 
images/test/2000.gif 0.031371 classic 0.009967 0.007469 0.017523 0.023484 
images/test/2000.gif 0.005116 OpenMP-1 0.009373 0.006233 0.015620 0.014055 
images/test/2000.gif 0.004066 OpenMP-2 0.004969 0.003075 0.008057 0.012733 
images/test/2000.gif 0.003833 OpenMP-3 0.003482 0.002333 0.005829 0.012746 
images/test/2000.gif 0.019680 CUDA 0.086137 0.001014 0.087179 0.012926 
images/test/2000.gif 0.009817 MPI-1_classic 0.023678 0.009262 0.036127 0.024302 
images/test/2000.gif 0.009881 MPI-2_classic 0.019006 0.003798 0.053714 0.024559 
images/test/2000.gif 0.009430 MPI-3_classic 0.018419 0.002668 0.043782 0.025297 
images/test/2000.gif 0.009743 MPI-1_OpenMP 0.016342 0.005568 0.025080 0.024209 
images/test/2000.gif 0.010611 MPI-2_OpenMP 0.022471 0.002964 0.055715 0.029255 
images/test/2000.gif 0.009889 MPI-3_OpenMP 0.017323 0.002144 0.050798 0.033997 
images/test/2000.gif 0.006877 MPI-1_Cuda 0.083363 0.000974 0.086899 0.013900 
images/test/2000.gif 0.009313 MPI-2_Cuda 0.095361 0.000712 0.118334 0.033188 
images/test/2000.gif 0.009191 MPI-3_Cuda 0.083179 0.000630 0.106826 0.023067 
images/test/3000.gif 0.030541 classic 0.016712 0.012941 0.029667 0.041109 
images/test/3000.gif 0.006714 OpenMP-1 0.013304 0.008602 0.021920 0.019609 
images/test/3000.gif 0.005698 OpenMP-2 0.007327 0.004622 0.011964 0.018696 
images/test/3000.gif 0.005487 OpenMP-3 0.005331 0.003382 0.008728 0.018785 
images/test/3000.gif 0.006601 CUDA 0.058996 0.001229 0.060249 0.018588 
images/test/3000.gif 0.014507 MPI-1_classic 0.031623 0.010921 0.047798 0.035717 
images/test/3000.gif 0.014594 MPI-2_classic 0.030441 0.005829 0.068027 0.035155 
images/test/3000.gif 0.014279 MPI-3_classic 0.025845 0.003987 0.062519 0.034906 
images/test/3000.gif 0.014225 MPI-1_OpenMP 0.026263 0.006644 0.038084 0.040716 
images/test/3000.gif 0.016149 MPI-2_OpenMP 0.039357 0.003332 0.071790 0.037454 
images/test/3000.gif 0.013983 MPI-3_OpenMP 0.025084 0.003080 0.060516 0.034619 
images/test/3000.gif 0.014494 MPI-1_Cuda 0.094802 0.001468 0.102737 0.039174 
images/test/3000.gif 0.014475 MPI-2_Cuda 0.087529 0.001921 0.120689 0.034176 
images/test/3000.gif 0.014991 MPI-3_Cuda 0.090385 0.000713 0.124433 0.035499 
images/test/4000.gif 0.031746 classic 0.022854 0.014604 0.037472 0.044491 
images/test/4000.gif 0.009508 OpenMP-1 0.016855 0.011165 0.028037 0.023947 
images/test/4000.gif 0.007526 OpenMP-2 0.010220 0.006019 0.016254 0.024024 
images/test/4000.gif 0.007353 OpenMP-3 0.007260 0.004351 0.011629 0.024308 
images/test/4000.gif 0.008062 CUDA 0.056924 0.002091 0.059040 0.031946 
images/test/4000.gif 0.017959 MPI-1_classic 0.044420 0.014579 0.066209 0.045794 
images/test/4000.gif 0.019717 MPI-2_classic 0.039801 0.007791 0.078132 0.044492 
images/test/4000.gif 0.019049 MPI-3_classic 0.033313 0.005068 0.071391 0.044892 
images/test/4000.gif 0.029276 MPI-1_OpenMP 0.023570 0.007268 0.039078 0.027061 
images/test/4000.gif 0.019362 MPI-2_OpenMP 0.046688 0.005469 0.082107 0.049039 
images/test/4000.gif 0.018772 MPI-3_OpenMP 0.034829 0.005268 0.074695 0.044132 
images/test/4000.gif 0.018250 MPI-1_Cuda 0.105098 0.002461 0.115665 0.043779 
images/test/4000.gif 0.019196 MPI-2_Cuda 0.090011 0.001181 0.123092 0.042925 
images/test/4000.gif 0.019579 MPI-3_Cuda 0.096744 0.001062 0.130551 0.045848 
images/test/5000.gif 0.031527 classic 0.025300 0.018261 0.043669 0.055149 
images/test/5000.gif 0.038192 OpenMP-1 0.028549 0.013606 0.042172 0.030025 
images/test/5000.gif 0.009077 OpenMP-2 0.012720 0.007544 0.020283 0.029622 
images/test/5000.gif 0.008959 OpenMP-3 0.008798 0.005402 0.014221 0.029347 
images/test/5000.gif 0.010334 CUDA 0.059461 0.001566 0.061049 0.028802 
images/test/5000.gif 0.025382 MPI-1_classic 0.059643 0.023154 0.092196 0.056788 
images/test/5000.gif 0.024387 MPI-2_classic 0.047722 0.009475 0.108614 0.059072 
images/test/5000.gif 0.023931 MPI-3_classic 0.044888 0.006629 0.094443 0.058742 
images/test/5000.gif 0.023880 MPI-1_OpenMP 0.040254 0.014741 0.064426 0.056198 
images/test/5000.gif 0.024724 MPI-2_OpenMP 0.042943 0.007123 0.088916 0.057225 
images/test/5000.gif 0.022404 MPI-3_OpenMP 0.044391 0.004752 0.093897 0.057833 
images/test/5000.gif 0.023142 MPI-1_Cuda 0.088793 0.001775 0.100143 0.057063 
images/test/5000.gif 0.023570 MPI-2_Cuda 0.097851 0.001371 0.139238 0.053194 
images/test/5000.gif 0.026520 MPI-3_Cuda 0.099736 0.001120 0.141877 0.056586 
images/test/6000.gif 0.052298 classic 0.039229 0.022019 0.061310 0.073960 
images/test/6000.gif 0.014792 OpenMP-1 0.024748 0.016133 0.040903 0.037813 
images/test/6000.gif 0.011076 OpenMP-2 0.015124 0.009070 0.024216 0.036541 
images/test/6000.gif 0.010774 OpenMP-3 0.010548 0.006288 0.016859 0.036654 
images/test/6000.gif 0.011694 CUDA 0.067269 0.001822 0.069115 0.036471 
images/test/6000.gif 0.028028 MPI-1_classic 0.063005 0.020654 0.095138 0.060746 
images/test/6000.gif 0.030613 MPI-2_classic 0.059771 0.011384 0.119315 0.068951 
images/test/6000.gif 0.030113 MPI-3_classic 0.052581 0.008018 0.103305 0.069054 
images/test/6000.gif 0.028307 MPI-1_OpenMP 0.049182 0.016101 0.076827 0.068334 
images/test/6000.gif 0.027560 MPI-2_OpenMP 0.050317 0.009172 0.101751 0.069700 
images/test/6000.gif 0.028951 MPI-3_OpenMP 0.046675 0.009588 0.099526 0.069103 
images/test/6000.gif 0.030002 MPI-1_Cuda 0.091495 0.002059 0.105007 0.069234 
images/test/6000.gif 0.029365 MPI-2_Cuda 0.100127 0.001482 0.139644 0.067570 
images/test/6000.gif 0.043019 MPI-3_Cuda 0.119034 0.001723 0.168522 0.040486 
images/test/7000.gif 0.051186 classic 0.040630 0.028732 0.069431 0.076975 
images/test/7000.gif 0.014460 OpenMP-1 0.030519 0.018910 0.049452 0.042267 
images/test/7000.gif 0.012223 OpenMP-2 0.017577 0.010371 0.027972 0.040908 
images/test/7000.gif 0.012430 OpenMP-3 0.012096 0.007270 0.019392 0.041000 
images/test/7000.gif 0.013471 CUDA 0.060881 0.001993 0.062896 0.040316 
images/test/7000.gif 0.035495 MPI-1_classic 0.076075 0.025614 0.115101 0.077136 
images/test/7000.gif 0.033800 MPI-2_classic 0.068029 0.013429 0.129469 0.075685 
images/test/7000.gif 0.033887 MPI-3_classic 0.061885 0.009068 0.124225 0.076667 
images/test/7000.gif 0.033248 MPI-1_OpenMP 0.056998 0.018972 0.089579 0.078169 
images/test/7000.gif 0.034298 MPI-2_OpenMP 0.061363 0.008019 0.119698 0.077641 
images/test/7000.gif 0.032960 MPI-3_OpenMP 0.053014 0.006221 0.113845 0.077273 
images/test/7000.gif 0.034433 MPI-1_Cuda 0.088404 0.002240 0.104440 0.076664 
images/test/7000.gif 0.032685 MPI-2_Cuda 0.107675 0.001563 0.160207 0.077311 
images/test/7000.gif 0.032987 MPI-3_Cuda 0.112549 0.001243 0.168220 0.074161 
images/test/8000.gif 0.059622 classic 0.043003 0.029380 0.072527 0.088564 
images/test/8000.gif 0.023047 OpenMP-1 0.034388 0.021381 0.055793 0.046793 
images/test/8000.gif 0.014348 OpenMP-2 0.020097 0.011989 0.032109 0.046031 
images/test/8000.gif 0.014415 OpenMP-3 0.013991 0.008341 0.022355 0.045306 
images/test/8000.gif 0.015643 CUDA 0.068663 0.002262 0.070947 0.044581 
images/test/8000.gif 0.038913 MPI-1_classic 0.090017 0.029664 0.135061 0.088228 
images/test/8000.gif 0.038657 MPI-2_classic 0.079347 0.015200 0.142564 0.087822 
images/test/8000.gif 0.038127 MPI-3_classic 0.071243 0.010624 0.136332 0.088695 
images/test/8000.gif 0.038027 MPI-1_OpenMP 0.055168 0.020216 0.092080 0.093989 
images/test/8000.gif 0.038369 MPI-2_OpenMP 0.064246 0.012413 0.134754 0.086642 
images/test/8000.gif 0.035238 MPI-3_OpenMP 0.065955 0.008251 0.130988 0.089486 
images/test/8000.gif 0.040141 MPI-1_Cuda 0.108262 0.002470 0.125967 0.086338 
images/test/8000.gif 0.038353 MPI-2_Cuda 0.114836 0.002317 0.165846 0.084659 
images/test/8000.gif 0.039683 MPI-3_Cuda 0.120954 0.001429 0.184852 0.085385 
images/test/9000.gif 0.057777 classic 0.044692 0.032971 0.077805 0.102115 
images/test/9000.gif 0.019430 OpenMP-1 0.039701 0.023894 0.063620 0.054797 
images/test/9000.gif 0.015613 OpenMP-2 0.022799 0.013439 0.036268 0.054086 
images/test/9000.gif 0.015757 OpenMP-3 0.015402 0.009615 0.025043 0.054091 
images/test/9000.gif 0.017109 CUDA 0.068741 0.002427 0.071191 0.053745 
images/test/9000.gif 0.042305 MPI-1_classic 0.100196 0.033120 0.150812 0.102591 
images/test/9000.gif 0.042367 MPI-2_classic 0.087459 0.017116 0.162764 0.103536 
images/test/9000.gif 0.044318 MPI-3_classic 0.081239 0.011666 0.156124 0.103739 
images/test/9000.gif 0.040852 MPI-1_OpenMP 0.060963 0.020337 0.098463 0.105421 
images/test/9000.gif 0.041458 MPI-2_OpenMP 0.074045 0.010250 0.143752 0.103629 
images/test/9000.gif 0.042975 MPI-3_OpenMP 0.074108 0.007415 0.146284 0.100088 
images/test/9000.gif 0.043638 MPI-1_Cuda 0.096337 0.002701 0.117723 0.096434 
images/test/9000.gif 0.044162 MPI-2_Cuda 0.110830 0.001753 0.170195 0.099807 
images/test/9000.gif 0.042220 MPI-3_Cuda 0.124744 0.001499 0.193967 0.098668 
