images/test/1000.gif 0.007208 classic 0.003001 0.003189 0.006197 0.011564 
images/test/1000.gif 0.003125 OpenMP-1 0.004705 0.002845 0.007563 0.008032 
images/test/1000.gif 0.002060 OpenMP-2 0.002376 0.001578 0.003967 0.006952 
images/test/1000.gif 0.002249 OpenMP-3 0.001699 0.001158 0.002869 0.006900 
images/test/1000.gif 0.002374 CUDA 0.075833 0.000575 0.076433 0.007097 
images/test/1000.gif 0.004521 MPI-1_classic 0.010361 0.003740 0.015154 0.012849 
images/test/1000.gif 0.005025 MPI-2_classic 0.009940 0.001955 0.035191 0.012313 
images/test/1000.gif 0.004818 MPI-3_classic 0.014841 0.001338 0.041192 0.014991 
images/test/1000.gif 0.005779 MPI-1_OpenMP 0.008083 0.002988 0.012072 0.013604 
images/test/1000.gif 0.005151 MPI-2_OpenMP 0.008986 0.002405 0.034312 0.012798 
images/test/1000.gif 0.005132 MPI-3_OpenMP 0.011693 0.001174 0.036216 0.013618 
images/test/1000.gif 0.004663 MPI-1_Cuda 0.091889 0.000687 0.093718 0.013033 
images/test/1000.gif 0.005091 MPI-2_Cuda 0.080326 0.000561 0.102536 0.012867 
images/test/1000.gif 0.004545 MPI-3_Cuda 0.088124 0.000520 0.111601 0.017617 
images/test/1100.gif 0.022686 classic 0.007180 0.003870 0.011062 0.019492 
images/test/1100.gif 0.003034 OpenMP-1 0.005175 0.003588 0.008781 0.009419 
images/test/1100.gif 0.002687 OpenMP-2 0.003038 0.001950 0.005003 0.008706 
images/test/1100.gif 0.002481 OpenMP-3 0.002096 0.001377 0.003488 0.008015 
images/test/1100.gif 0.002512 CUDA 0.058258 0.000607 0.058888 0.008082 
images/test/1100.gif 0.005413 MPI-1_classic 0.011182 0.003888 0.016383 0.016570 
images/test/1100.gif 0.005552 MPI-2_classic 0.012151 0.002156 0.035855 0.015115 
images/test/1100.gif 0.005681 MPI-3_classic 0.010601 0.001433 0.035093 0.015507 
images/test/1100.gif 0.005528 MPI-1_OpenMP 0.005498 0.002157 0.008693 0.009053 
images/test/1100.gif 0.005331 MPI-2_OpenMP 0.012158 0.001213 0.034686 0.015448 
images/test/1100.gif 0.006108 MPI-3_OpenMP 0.010707 0.001115 0.037839 0.018118 
images/test/1100.gif 0.005766 MPI-1_Cuda 0.087686 0.000702 0.089842 0.014465 
images/test/1100.gif 0.005557 MPI-2_Cuda 0.075265 0.000578 0.098238 0.018394 
images/test/1100.gif 0.005729 MPI-3_Cuda 0.081309 0.000534 0.104568 0.013540 
images/test/1200.gif 0.017287 classic 0.006475 0.004500 0.010988 0.015877 
images/test/1200.gif 0.003185 OpenMP-1 0.004953 0.003400 0.008365 0.009100 
images/test/1200.gif 0.002501 OpenMP-2 0.002967 0.001856 0.004836 0.007858 
images/test/1200.gif 0.002622 OpenMP-3 0.002123 0.001374 0.003511 0.009459 
images/test/1200.gif 0.002757 CUDA 0.064982 0.000625 0.065630 0.008254 
images/test/1200.gif 0.006018 MPI-1_classic 0.012746 0.004258 0.018666 0.014311 
images/test/1200.gif 0.006166 MPI-2_classic 0.012168 0.002294 0.037439 0.014707 
images/test/1200.gif 0.006189 MPI-3_classic 0.013210 0.001586 0.044063 0.016332 
images/test/1200.gif 0.006772 MPI-1_OpenMP 0.009162 0.003477 0.014142 0.018994 
images/test/1200.gif 0.007284 MPI-2_OpenMP 0.016110 0.001872 0.038979 0.018544 
images/test/1200.gif 0.006826 MPI-3_OpenMP 0.012027 0.001634 0.034532 0.015413 
images/test/1200.gif 0.005784 MPI-1_Cuda 0.091101 0.000736 0.093208 0.016211 
images/test/1200.gif 0.005812 MPI-2_Cuda 0.089578 0.000641 0.113120 0.014847 
images/test/1200.gif 0.005942 MPI-3_Cuda 0.079672 0.000535 0.103089 0.016199 
images/test/200.gif 0.010939 classic 0.000682 0.000768 0.001461 0.003838 
images/test/200.gif 0.001126 OpenMP-1 0.000545 0.000598 0.001156 0.002942 
images/test/200.gif 0.000717 OpenMP-2 0.000413 0.000391 0.000819 0.002761 
images/test/200.gif 0.000946 OpenMP-3 0.000362 0.000291 0.000667 0.002908 
images/test/200.gif 0.000683 CUDA 0.057250 0.000357 0.057630 0.002742 
images/test/200.gif 0.001254 MPI-1_classic 0.001278 0.000748 0.002246 0.003742 
images/test/200.gif 0.001232 MPI-2_classic 0.002408 0.000346 0.023966 0.003666 
images/test/200.gif 0.001036 MPI-3_classic 0.002414 0.000255 0.024339 0.004056 
images/test/200.gif 0.002695 MPI-1_OpenMP 0.001551 0.000662 0.002444 0.003715 
images/test/200.gif 0.001636 MPI-2_OpenMP 0.003390 0.000483 0.024819 0.003614 
images/test/200.gif 0.002295 MPI-3_OpenMP 0.003157 0.000432 0.024755 0.005404 
images/test/200.gif 0.001247 MPI-1_Cuda 0.087533 0.000461 0.088360 0.003496 
images/test/200.gif 0.001245 MPI-2_Cuda 0.070188 0.000449 0.091977 0.004152 
images/test/200.gif 0.001298 MPI-3_Cuda 0.071022 0.000430 0.093900 0.003716 
images/test/300.gif 0.014864 classic 0.001197 0.001146 0.002354 0.004872 
images/test/300.gif 0.001294 OpenMP-1 0.001036 0.000913 0.001963 0.003845 
images/test/300.gif 0.000966 OpenMP-2 0.000767 0.000610 0.001392 0.003548 
images/test/300.gif 0.001047 OpenMP-3 0.000604 0.000469 0.001089 0.003566 
images/test/300.gif 0.001270 CUDA 0.064681 0.000394 0.065099 0.003260 
images/test/300.gif 0.001696 MPI-1_classic 0.002384 0.001121 0.003838 0.004999 
images/test/300.gif 0.001684 MPI-2_classic 0.003561 0.000544 0.025521 0.004633 
images/test/300.gif 0.001706 MPI-3_classic 0.003504 0.000380 0.027140 0.004750 
images/test/300.gif 0.002827 MPI-1_OpenMP 0.003576 0.000928 0.004850 0.004649 
images/test/300.gif 0.003612 MPI-2_OpenMP 0.004451 0.000668 0.024543 0.007022 
images/test/300.gif 0.003024 MPI-3_OpenMP 0.004394 0.000372 0.025309 0.005126 
images/test/300.gif 0.001682 MPI-1_Cuda 0.084679 0.000502 0.085534 0.004388 
images/test/300.gif 0.001714 MPI-2_Cuda 0.075418 0.000708 0.097593 0.006094 
images/test/300.gif 0.001615 MPI-3_Cuda 0.072351 0.000443 0.095845 0.004920 
images/test/400.gif 0.007428 classic 0.001666 0.001515 0.003197 0.006492 
images/test/400.gif 0.001782 OpenMP-1 0.001611 0.001346 0.002972 0.004755 
images/test/400.gif 0.001120 OpenMP-2 0.000984 0.000719 0.001716 0.004071 
images/test/400.gif 0.001158 OpenMP-3 0.000739 0.000550 0.001304 0.004225 
images/test/400.gif 0.001100 CUDA 0.057285 0.000423 0.057731 0.003800 
images/test/400.gif 0.002164 MPI-1_classic 0.003485 0.001484 0.005410 0.006530 
images/test/400.gif 0.002153 MPI-2_classic 0.005057 0.000776 0.027385 0.007440 
images/test/400.gif 0.002239 MPI-3_classic 0.004312 0.000492 0.029900 0.006966 
images/test/400.gif 0.002535 MPI-1_OpenMP 0.004164 0.001266 0.005934 0.006959 
images/test/400.gif 0.004244 MPI-2_OpenMP 0.005519 0.001885 0.028610 0.005832 
images/test/400.gif 0.002291 MPI-3_OpenMP 0.006994 0.000611 0.030358 0.005903 
images/test/400.gif 0.002201 MPI-1_Cuda 0.100235 0.000552 0.101361 0.006122 
images/test/400.gif 0.002145 MPI-2_Cuda 0.081308 0.000474 0.103234 0.006859 
images/test/400.gif 0.002163 MPI-3_Cuda 0.068881 0.000449 0.091292 0.005728 
images/test/500.gif 0.017166 classic 0.002167 0.001845 0.004023 0.008978 
images/test/500.gif 0.001541 OpenMP-1 0.001967 0.001499 0.003479 0.005110 
images/test/500.gif 0.001252 OpenMP-2 0.001200 0.000838 0.002052 0.004254 
images/test/500.gif 0.001195 OpenMP-3 0.000845 0.000590 0.001450 0.004254 
images/test/500.gif 0.001391 CUDA 0.055278 0.000455 0.055755 0.004244 
images/test/500.gif 0.001981 MPI-1_classic 0.004089 0.001842 0.006484 0.006903 
images/test/500.gif 0.002768 MPI-2_classic 0.006196 0.000993 0.030105 0.008539 
images/test/500.gif 0.002820 MPI-3_classic 0.006684 0.000675 0.031327 0.007600 
images/test/500.gif 0.003932 MPI-1_OpenMP 0.005162 0.001525 0.007272 0.007578 
images/test/500.gif 0.003370 MPI-2_OpenMP 0.009765 0.000827 0.032050 0.006901 
images/test/500.gif 0.003479 MPI-3_OpenMP 0.005920 0.000826 0.028583 0.008005 
images/test/500.gif 0.002653 MPI-1_Cuda 0.085579 0.000519 0.086776 0.006506 
images/test/500.gif 0.002646 MPI-2_Cuda 0.071012 0.000488 0.094054 0.006811 
images/test/500.gif 0.002705 MPI-3_Cuda 0.074615 0.000467 0.098057 0.007508 
images/test/600.gif 0.017186 classic 0.002677 0.002267 0.004955 0.008544 
images/test/600.gif 0.007887 OpenMP-1 0.013273 0.007169 0.020520 0.012237 
images/test/600.gif 0.002225 OpenMP-2 0.002025 0.001389 0.003433 0.005244 
images/test/600.gif 0.001552 OpenMP-3 0.001048 0.000717 0.001779 0.004800 
images/test/600.gif 0.001482 CUDA 0.054621 0.000474 0.055119 0.005075 
images/test/600.gif 0.003110 MPI-1_classic 0.005687 0.002243 0.008586 0.010020 
images/test/600.gif 0.003148 MPI-2_classic 0.006743 0.001189 0.029953 0.009579 
images/test/600.gif 0.002658 MPI-3_classic 0.007753 0.000809 0.033747 0.008212 
images/test/600.gif 0.003877 MPI-1_OpenMP 0.006192 0.001847 0.008697 0.007767 
images/test/600.gif 0.003878 MPI-2_OpenMP 0.007215 0.001292 0.028859 0.007741 
images/test/600.gif 0.004037 MPI-3_OpenMP 0.006738 0.000746 0.029923 0.008750 
images/test/600.gif 0.003221 MPI-1_Cuda 0.083107 0.000621 0.084561 0.009743 
images/test/600.gif 0.003133 MPI-2_Cuda 0.074294 0.000503 0.096548 0.007996 
images/test/600.gif 0.003276 MPI-3_Cuda 0.079339 0.000469 0.103162 0.009161 
images/test/700.gif 0.013234 classic 0.003231 0.002576 0.005892 0.012790 
images/test/700.gif 0.002565 OpenMP-1 0.003907 0.002089 0.006008 0.006391 
images/test/700.gif 0.001804 OpenMP-2 0.001966 0.001311 0.003293 0.005607 
images/test/700.gif 0.001548 OpenMP-3 0.001204 0.000833 0.002051 0.005406 
images/test/700.gif 0.001715 CUDA 0.055762 0.000495 0.056281 0.005616 
images/test/700.gif 0.003694 MPI-1_classic 0.006962 0.003671 0.011484 0.010268 
images/test/700.gif 0.003124 MPI-2_classic 0.007753 0.001344 0.031007 0.013484 
images/test/700.gif 0.003570 MPI-3_classic 0.007573 0.000918 0.031720 0.009164 
images/test/700.gif 0.004093 MPI-1_OpenMP 0.006547 0.002072 0.009379 0.011597 
images/test/700.gif 0.003928 MPI-2_OpenMP 0.007441 0.001103 0.029656 0.012935 
images/test/700.gif 0.003507 MPI-3_OpenMP 0.007707 0.000777 0.031233 0.009336 
images/test/700.gif 0.003600 MPI-1_Cuda 0.095471 0.000602 0.096945 0.010157 
images/test/700.gif 0.003721 MPI-2_Cuda 0.074150 0.000514 0.097283 0.009499 
images/test/700.gif 0.003248 MPI-3_Cuda 0.072589 0.000488 0.095300 0.010596 
images/test/800.gif 0.008440 classic 0.004688 0.002940 0.007640 0.013873 
images/test/800.gif 0.002685 OpenMP-1 0.003299 0.002338 0.005650 0.006891 
images/test/800.gif 0.001775 OpenMP-2 0.001966 0.001296 0.003275 0.005964 
images/test/800.gif 0.001742 OpenMP-3 0.001408 0.000940 0.002362 0.005899 
images/test/800.gif 0.001944 CUDA 0.064332 0.000519 0.064874 0.006510 
images/test/800.gif 0.004109 MPI-1_classic 0.008121 0.002825 0.012004 0.010732 
images/test/800.gif 0.004134 MPI-2_classic 0.009277 0.001616 0.032489 0.010899 
images/test/800.gif 0.004138 MPI-3_classic 0.007601 0.001051 0.030581 0.009850 
images/test/800.gif 0.004840 MPI-1_OpenMP 0.006442 0.002306 0.009722 0.011200 
images/test/800.gif 0.004455 MPI-2_OpenMP 0.009535 0.001059 0.032350 0.011179 
images/test/800.gif 0.004841 MPI-3_OpenMP 0.008685 0.001194 0.034164 0.011150 
images/test/800.gif 0.003664 MPI-1_Cuda 0.085335 0.000632 0.087102 0.009947 
images/test/800.gif 0.003999 MPI-2_Cuda 0.079063 0.000569 0.101466 0.009594 
images/test/800.gif 0.004108 MPI-3_Cuda 0.080048 0.000501 0.105240 0.010758 
images/test/900.gif 0.015612 classic 0.004173 0.003295 0.007482 0.012408 
images/test/900.gif 0.002370 OpenMP-1 0.003717 0.002608 0.006339 0.007785 
images/test/900.gif 0.001901 OpenMP-2 0.002207 0.001429 0.003649 0.006839 
images/test/900.gif 0.001855 OpenMP-3 0.001571 0.001070 0.002655 0.006707 
images/test/900.gif 0.002056 CUDA 0.054551 0.000545 0.055118 0.006741 
images/test/900.gif 0.004572 MPI-1_classic 0.009007 0.003293 0.013459 0.011474 
images/test/900.gif 0.004312 MPI-2_classic 0.010377 0.001685 0.034402 0.012560 
images/test/900.gif 0.004529 MPI-3_classic 0.010157 0.001206 0.035041 0.013055 
images/test/900.gif 0.004789 MPI-1_OpenMP 0.007176 0.002525 0.010799 0.013439 
images/test/900.gif 0.005008 MPI-2_OpenMP 0.013581 0.001482 0.036181 0.013005 
images/test/900.gif 0.003928 MPI-3_OpenMP 0.009780 0.001648 0.033303 0.011836 
images/test/900.gif 0.004510 MPI-1_Cuda 0.085442 0.000665 0.087357 0.011810 
images/test/900.gif 0.004514 MPI-2_Cuda 0.074292 0.000547 0.096760 0.011639 
images/test/900.gif 0.004530 MPI-3_Cuda 0.074886 0.000500 0.098430 0.013155 
