images/test/1000.gif 0.006669 classic 0.003010 0.004422 0.007444 0.013989 
images/test/1000.gif 0.006927 OpenMP-1 0.004070 0.002844 0.006926 0.007761 
images/test/1000.gif 0.002074 OpenMP-2 0.002460 0.001609 0.004082 0.006691 
images/test/1000.gif 0.002029 OpenMP-3 0.001782 0.001213 0.003008 0.007009 
images/test/1000.gif 0.002096 OpenMP-4 0.001318 0.000848 0.002179 0.006975 
images/test/1000.gif 0.002002 OpenMP-5 0.001114 0.000728 0.001856 0.006997 
images/test/1000.gif 0.001987 OpenMP-6 0.000941 0.000591 0.001546 0.007058 
images/test/1000.gif 0.004865 CUDA 0.107246 0.000688 0.107950 0.015293 
images/test/1000.gif 0.004897 MPI-1_classic 0.011143 0.003658 0.016008 0.011879 
images/test/1000.gif 0.005398 MPI-2_classic 0.005552 0.001958 0.008919 0.012089 
images/test/1000.gif 0.006632 MPI-3_classic 0.004013 0.001337 0.007237 0.016120 
images/test/1000.gif 0.006480 MPI-4_classic 0.002688 0.001430 0.005069 0.012472 
images/test/1000.gif 0.006715 MPI-5_classic 0.003865 0.000833 0.006513 0.018531 
images/test/1000.gif 0.005551 MPI-6_classic 0.002517 0.000721 0.006062 0.013279 
images/test/1000.gif 0.005559 MPI-1_OpenMP 0.010460 0.003167 0.014763 0.015152 
images/test/1000.gif 0.006044 MPI-2_OpenMP 0.017240 0.002830 0.022938 0.014638 
images/test/1000.gif 0.005559 MPI-3_OpenMP 0.020842 0.002402 0.026256 0.017207 
images/test/1000.gif 0.006126 MPI-4_OpenMP 0.018142 0.001367 0.024932 0.017799 
images/test/1000.gif 0.005698 MPI-5_OpenMP 0.007080 0.001145 0.011199 0.017674 
images/test/1000.gif 0.005657 MPI-6_OpenMP 0.050776 0.002892 0.058729 0.018459 
images/test/1000.gif 0.005446 MPI-1_Cuda 0.086888 0.000698 0.088941 0.014641 
images/test/1000.gif 0.004943 MPI-2_Cuda 0.253650 0.000898 0.255687 0.014037 
images/test/1000.gif 0.005652 MPI-3_Cuda 0.388204 0.002719 0.392898 0.012657 
images/test/1000.gif 0.006079 MPI-4_Cuda 0.836777 0.003781 0.843108 0.012053 
images/test/1000.gif 0.005721 MPI-5_Cuda 0.864602 0.012216 0.879322 0.013832 
images/test/1000.gif 0.006646 MPI-6_Cuda 1.091023 0.004104 1.099064 0.014201 
images/test/1100.gif 0.020706 classic 0.005167 0.005847 0.011104 0.019287 
images/test/1100.gif 0.002811 OpenMP-1 0.004466 0.003069 0.007548 0.008457 
images/test/1100.gif 0.002259 OpenMP-2 0.002650 0.001698 0.004361 0.007568 
images/test/1100.gif 0.002217 OpenMP-3 0.001908 0.001237 0.003158 0.007846 
images/test/1100.gif 0.002208 OpenMP-4 0.001437 0.000940 0.002390 0.007599 
images/test/1100.gif 0.002189 OpenMP-5 0.001201 0.000793 0.002008 0.007653 
images/test/1100.gif 0.002187 OpenMP-6 0.001053 0.000651 0.001717 0.007759 
images/test/1100.gif 0.007601 CUDA 0.088164 0.000723 0.088905 0.013654 
images/test/1100.gif 0.005159 MPI-1_classic 0.012284 0.004036 0.017691 0.014267 
images/test/1100.gif 0.005426 MPI-2_classic 0.006165 0.002111 0.010228 0.014935 
images/test/1100.gif 0.005755 MPI-3_classic 0.006897 0.001400 0.015824 0.015914 
images/test/1100.gif 0.007024 MPI-4_classic 0.007167 0.001094 0.010326 0.015395 
images/test/1100.gif 0.005826 MPI-5_classic 0.003134 0.000916 0.005535 0.018158 
images/test/1100.gif 0.005771 MPI-6_classic 0.004058 0.000794 0.008727 0.015309 
images/test/1100.gif 0.005700 MPI-1_OpenMP 0.008609 0.003064 0.013014 0.015410 
images/test/1100.gif 0.006188 MPI-2_OpenMP 0.018849 0.002795 0.024317 0.015808 
images/test/1100.gif 0.006984 MPI-3_OpenMP 0.023656 0.004038 0.029303 0.017906 
images/test/1100.gif 0.006821 MPI-4_OpenMP 0.022628 0.001491 0.028425 0.018757 
images/test/1100.gif 0.007153 MPI-5_OpenMP 0.022493 0.001245 0.038289 0.024874 
images/test/1100.gif 0.011114 MPI-6_OpenMP 0.013785 0.001093 0.020839 0.039220 
images/test/1100.gif 0.005610 MPI-1_Cuda 0.084990 0.002524 0.089038 0.013966 
images/test/1100.gif 0.005038 MPI-2_Cuda 0.253502 0.000889 0.255564 0.014408 
images/test/1100.gif 0.005965 MPI-3_Cuda 0.401884 0.002163 0.405535 0.017751 
images/test/1100.gif 0.007399 MPI-4_Cuda 0.706161 0.005063 0.714746 0.014368 
images/test/1100.gif 0.006076 MPI-5_Cuda 0.889924 0.003793 0.898846 0.017999 
images/test/1100.gif 0.007240 MPI-6_Cuda 1.093084 0.003856 1.099450 0.018143 
images/test/1200.gif 0.021370 classic 0.005674 0.005438 0.011159 0.016104 
images/test/1200.gif 0.014978 OpenMP-1 0.018876 0.007055 0.025964 0.012828 
images/test/1200.gif 0.002769 OpenMP-2 0.003297 0.001948 0.005261 0.008044 
images/test/1200.gif 0.002350 OpenMP-3 0.002099 0.001322 0.003437 0.008051 
images/test/1200.gif 0.002384 OpenMP-4 0.001606 0.001022 0.002646 0.008182 
images/test/1200.gif 0.002382 OpenMP-5 0.001319 0.000824 0.002159 0.008054 
images/test/1200.gif 0.002464 OpenMP-6 0.001888 0.000773 0.002678 0.008448 
images/test/1200.gif 0.007057 CUDA 0.076363 0.000753 0.077240 0.015515 
images/test/1200.gif 0.005871 MPI-1_classic 0.012330 0.004446 0.018392 0.016031 
images/test/1200.gif 0.006074 MPI-2_classic 0.007797 0.002368 0.012547 0.014813 
images/test/1200.gif 0.005939 MPI-3_classic 0.005947 0.001601 0.009565 0.021254 
images/test/1200.gif 0.006592 MPI-4_classic 0.003971 0.001225 0.007126 0.015443 
images/test/1200.gif 0.006138 MPI-5_classic 0.003906 0.001001 0.006944 0.017655 
images/test/1200.gif 0.006715 MPI-6_classic 0.007096 0.000875 0.015328 0.017760 
images/test/1200.gif 0.006688 MPI-1_OpenMP 0.009831 0.003375 0.014837 0.016404 
images/test/1200.gif 0.006434 MPI-2_OpenMP 0.016921 0.002916 0.020933 0.017439 
images/test/1200.gif 0.006787 MPI-3_OpenMP 0.026613 0.004948 0.036462 0.024651 
images/test/1200.gif 0.007801 MPI-4_OpenMP 0.021640 0.003957 0.029095 0.016851 
images/test/1200.gif 0.008578 MPI-5_OpenMP 0.024118 0.001339 0.039431 0.020862 
images/test/1200.gif 0.009074 MPI-6_OpenMP 0.033225 0.001175 0.043031 0.019046 
images/test/1200.gif 0.006030 MPI-1_Cuda 0.095370 0.000733 0.097849 0.015706 
images/test/1200.gif 0.006045 MPI-2_Cuda 0.254454 0.000904 0.256692 0.014860 
images/test/1200.gif 0.007832 MPI-3_Cuda 0.444033 0.001862 0.449950 0.014940 
images/test/1200.gif 0.007718 MPI-4_Cuda 0.640155 0.007696 0.650802 0.015075 
images/test/1200.gif 0.006494 MPI-5_Cuda 2.037819 0.004139 2.044087 0.015857 
images/test/1200.gif 0.007654 MPI-6_Cuda 2.395725 0.016597 2.414396 0.019741 
images/test/200.gif 0.016833 classic 0.000670 0.000750 0.001428 0.003846 
images/test/200.gif 0.001436 OpenMP-1 0.000587 0.000619 0.001217 0.003154 
images/test/200.gif 0.000741 OpenMP-2 0.000366 0.000342 0.000719 0.002395 
images/test/200.gif 0.000663 OpenMP-3 0.000325 0.000232 0.000569 0.002452 
images/test/200.gif 0.000706 OpenMP-4 0.000235 0.000198 0.000446 0.002379 
images/test/200.gif 0.000718 OpenMP-5 0.000183 0.000163 0.000357 0.002378 
images/test/200.gif 0.000668 OpenMP-6 0.000179 0.000135 0.000326 0.002395 
images/test/200.gif 0.003358 CUDA 0.069092 0.000464 0.069571 0.003691 
images/test/200.gif 0.001250 MPI-1_classic 0.001324 0.000771 0.002411 0.003701 
images/test/200.gif 0.001292 MPI-2_classic 0.000774 0.000364 0.001552 0.004366 
images/test/200.gif 0.001587 MPI-3_classic 0.000625 0.000254 0.002461 0.005717 
images/test/200.gif 0.003328 MPI-4_classic 0.000496 0.000175 0.002009 0.004280 
images/test/200.gif 0.001938 MPI-5_classic 0.000474 0.000155 0.001896 0.006943 
images/test/200.gif 0.001670 MPI-6_classic 0.000406 0.000138 0.003125 0.005996 
images/test/200.gif 0.002567 MPI-1_OpenMP 0.001472 0.000675 0.002396 0.003735 
images/test/200.gif 0.002443 MPI-2_OpenMP 0.014137 0.003881 0.018374 0.006929 
images/test/200.gif 0.001944 MPI-3_OpenMP 0.018855 0.003988 0.025893 0.007104 
images/test/200.gif 0.002450 MPI-4_OpenMP 0.022210 0.002958 0.027924 0.008920 
images/test/200.gif 0.002942 MPI-5_OpenMP 0.022833 0.000324 0.030580 0.008809 
images/test/200.gif 0.003100 MPI-6_OpenMP 0.019481 0.000295 0.021312 0.007052 
images/test/200.gif 0.001284 MPI-1_Cuda 0.088323 0.000478 0.089172 0.004255 
images/test/200.gif 0.001258 MPI-2_Cuda 0.225303 0.001011 0.226686 0.003655 
images/test/200.gif 0.001949 MPI-3_Cuda 0.412731 0.003210 0.417203 0.003660 
images/test/200.gif 0.002784 MPI-4_Cuda 0.649090 0.001931 0.652477 0.004376 
images/test/200.gif 0.002752 MPI-5_Cuda 0.879152 0.009683 0.892111 0.005028 
images/test/200.gif 0.002936 MPI-6_Cuda 1.073834 0.023905 1.101060 0.005038 
images/test/300.gif 0.010108 classic 0.001172 0.001126 0.002309 0.007336 
images/test/300.gif 0.001132 OpenMP-1 0.001024 0.000923 0.001959 0.003641 
images/test/300.gif 0.000886 OpenMP-2 0.000625 0.000488 0.001127 0.002967 
images/test/300.gif 0.000847 OpenMP-3 0.000460 0.000396 0.000868 0.003032 
images/test/300.gif 0.001035 OpenMP-4 0.000343 0.000277 0.000631 0.002984 
images/test/300.gif 0.000848 OpenMP-5 0.000297 0.000216 0.000524 0.002935 
images/test/300.gif 0.000848 OpenMP-6 0.000291 0.000196 0.000499 0.002997 
images/test/300.gif 0.002733 CUDA 0.076055 0.000542 0.076614 0.004921 
images/test/300.gif 0.001694 MPI-1_classic 0.002392 0.001117 0.003856 0.005184 
images/test/300.gif 0.001432 MPI-2_classic 0.002507 0.000547 0.004776 0.006171 
images/test/300.gif 0.002234 MPI-3_classic 0.000996 0.000373 0.002751 0.006195 
images/test/300.gif 0.002602 MPI-4_classic 0.000856 0.000282 0.002769 0.005637 
images/test/300.gif 0.002403 MPI-5_classic 0.000757 0.000252 0.002819 0.007179 
images/test/300.gif 0.002478 MPI-6_classic 0.000783 0.000204 0.002804 0.007008 
images/test/300.gif 0.003229 MPI-1_OpenMP 0.002230 0.000933 0.003518 0.004747 
images/test/300.gif 0.002830 MPI-2_OpenMP 0.019749 0.000814 0.021525 0.005773 
images/test/300.gif 0.002991 MPI-3_OpenMP 0.019449 0.002805 0.025013 0.006179 
images/test/300.gif 0.003173 MPI-4_OpenMP 0.021318 0.003189 0.025117 0.008025 
images/test/300.gif 0.003178 MPI-5_OpenMP 0.021461 0.000419 0.023850 0.012228 
images/test/300.gif 0.003175 MPI-6_OpenMP 0.024312 0.000377 0.028344 0.008207 
images/test/300.gif 0.001768 MPI-1_Cuda 0.084199 0.000501 0.085188 0.004743 
images/test/300.gif 0.001720 MPI-2_Cuda 0.239069 0.000825 0.240426 0.005717 
images/test/300.gif 0.002448 MPI-3_Cuda 0.421129 0.002231 0.425057 0.005372 
images/test/300.gif 0.002987 MPI-4_Cuda 0.691402 0.003057 0.695881 0.004611 
images/test/300.gif 0.002391 MPI-5_Cuda 0.815102 0.003959 0.820931 0.005790 
images/test/300.gif 0.003316 MPI-6_Cuda 2.617403 0.024941 2.647539 0.006867 
images/test/400.gif 0.015632 classic 0.001644 0.001473 0.003200 0.006704 
images/test/400.gif 0.002005 OpenMP-1 0.001549 0.001225 0.002786 0.004208 
images/test/400.gif 0.001039 OpenMP-2 0.000892 0.000628 0.001532 0.003713 
images/test/400.gif 0.001012 OpenMP-3 0.000686 0.000526 0.001224 0.003721 
images/test/400.gif 0.001014 OpenMP-4 0.000488 0.000346 0.000848 0.003582 
images/test/400.gif 0.001033 OpenMP-5 0.000456 0.000321 0.000790 0.003722 
images/test/400.gif 0.001045 OpenMP-6 0.000350 0.000244 0.000605 0.003520 
images/test/400.gif 0.002386 CUDA 0.074682 0.000531 0.075339 0.006772 
images/test/400.gif 0.002209 MPI-1_classic 0.003466 0.001477 0.005374 0.005787 
images/test/400.gif 0.002163 MPI-2_classic 0.001945 0.000773 0.003154 0.005747 
images/test/400.gif 0.002451 MPI-3_classic 0.001353 0.000496 0.002373 0.007181 
images/test/400.gif 0.003781 MPI-4_classic 0.001271 0.000383 0.003040 0.006545 
images/test/400.gif 0.002818 MPI-5_classic 0.002694 0.000310 0.004446 0.007218 
images/test/400.gif 0.002477 MPI-6_classic 0.000985 0.000265 0.002793 0.007010 
images/test/400.gif 0.003178 MPI-1_OpenMP 0.003752 0.000909 0.005119 0.007806 
images/test/400.gif 0.002640 MPI-2_OpenMP 0.018178 0.003933 0.022565 0.007264 
images/test/400.gif 0.004027 MPI-3_OpenMP 0.020807 0.000369 0.026001 0.008955 
images/test/400.gif 0.003192 MPI-4_OpenMP 0.020857 0.000601 0.026531 0.008605 
images/test/400.gif 0.003979 MPI-5_OpenMP 0.021795 0.004674 0.028838 0.009918 
images/test/400.gif 0.005185 MPI-6_OpenMP 0.022784 0.004932 0.032450 0.011887 
images/test/400.gif 0.002048 MPI-1_Cuda 0.085191 0.000518 0.086273 0.006484 
images/test/400.gif 0.001832 MPI-2_Cuda 0.246636 0.001046 0.248198 0.006758 
images/test/400.gif 0.002661 MPI-3_Cuda 0.404762 0.001513 0.407798 0.005785 
images/test/400.gif 0.003767 MPI-4_Cuda 0.540949 0.009349 0.551765 0.005682 
images/test/400.gif 0.002843 MPI-5_Cuda 0.850076 0.017157 0.870097 0.006368 
images/test/400.gif 0.004843 MPI-6_Cuda 2.334828 0.055899 2.393371 0.008637 
images/test/500.gif 0.017759 classic 0.002142 0.001708 0.003861 0.008361 
images/test/500.gif 0.002291 OpenMP-1 0.002801 0.001811 0.004628 0.004571 
images/test/500.gif 0.001221 OpenMP-2 0.001169 0.000824 0.002006 0.004164 
images/test/500.gif 0.001193 OpenMP-3 0.000831 0.000577 0.001420 0.004222 
images/test/500.gif 0.001187 OpenMP-4 0.000611 0.000426 0.001050 0.004081 
images/test/500.gif 0.001198 OpenMP-5 0.000574 0.000404 0.000990 0.004185 
images/test/500.gif 0.001193 OpenMP-6 0.000466 0.000295 0.000773 0.004108 
images/test/500.gif 0.004743 CUDA 0.074503 0.000567 0.075087 0.006733 
images/test/500.gif 0.002772 MPI-1_classic 0.004687 0.001887 0.007192 0.007455 
images/test/500.gif 0.002615 MPI-2_classic 0.002537 0.000960 0.003987 0.007005 
images/test/500.gif 0.004290 MPI-3_classic 0.001909 0.000657 0.003576 0.009908 
images/test/500.gif 0.004130 MPI-4_classic 0.001591 0.000470 0.003848 0.008566 
images/test/500.gif 0.003258 MPI-5_classic 0.002141 0.000394 0.003007 0.011481 
images/test/500.gif 0.003572 MPI-6_classic 0.001294 0.000337 0.003421 0.009743 
images/test/500.gif 0.003462 MPI-1_OpenMP 0.004952 0.001489 0.006977 0.006990 
images/test/500.gif 0.003776 MPI-2_OpenMP 0.016670 0.002968 0.020144 0.009718 
images/test/500.gif 0.003319 MPI-3_OpenMP 0.019123 0.002728 0.022767 0.009848 
images/test/500.gif 0.003497 MPI-4_OpenMP 0.021941 0.000765 0.028774 0.010405 
images/test/500.gif 0.005250 MPI-5_OpenMP 0.023441 0.002963 0.029749 0.009819 
images/test/500.gif 0.005826 MPI-6_OpenMP 0.045581 0.000546 0.058495 0.013444 
images/test/500.gif 0.002715 MPI-1_Cuda 0.094910 0.000554 0.096148 0.006752 
images/test/500.gif 0.002198 MPI-2_Cuda 0.236971 0.001082 0.239643 0.006743 
images/test/500.gif 0.003087 MPI-3_Cuda 0.403161 0.001972 0.406505 0.006447 
images/test/500.gif 0.004304 MPI-4_Cuda 0.583773 0.004107 0.589962 0.007871 
images/test/500.gif 0.003407 MPI-5_Cuda 0.845903 0.009211 0.857081 0.006722 
images/test/500.gif 0.004877 MPI-6_Cuda 2.538739 0.040879 2.583950 0.007428 
images/test/600.gif 0.016071 classic 0.002668 0.002211 0.004887 0.008981 
images/test/600.gif 0.007877 OpenMP-1 0.013250 0.007207 0.020513 0.010958 
images/test/600.gif 0.002296 OpenMP-2 0.002171 0.001380 0.003569 0.005346 
images/test/600.gif 0.001377 OpenMP-3 0.001026 0.000721 0.001760 0.005032 
images/test/600.gif 0.001346 OpenMP-4 0.000770 0.000513 0.001296 0.004734 
images/test/600.gif 0.001385 OpenMP-5 0.000681 0.000480 0.001174 0.004865 
images/test/600.gif 0.001369 OpenMP-6 0.000589 0.000354 0.000955 0.004830 
images/test/600.gif 0.003282 CUDA 0.077966 0.000585 0.078569 0.007669 
images/test/600.gif 0.003054 MPI-1_classic 0.005696 0.002262 0.008661 0.008062 
images/test/600.gif 0.003085 MPI-2_classic 0.003123 0.001151 0.006516 0.008974 
images/test/600.gif 0.003785 MPI-3_classic 0.002395 0.000747 0.004647 0.011427 
images/test/600.gif 0.004342 MPI-4_classic 0.001944 0.000596 0.004539 0.010038 
images/test/600.gif 0.003321 MPI-5_classic 0.001720 0.000453 0.003899 0.010399 
images/test/600.gif 0.006837 MPI-6_classic 0.004037 0.000405 0.005277 0.019696 
images/test/600.gif 0.003552 MPI-1_OpenMP 0.004718 0.001680 0.007084 0.009303 
images/test/600.gif 0.004209 MPI-2_OpenMP 0.016398 0.003580 0.020704 0.009799 
images/test/600.gif 0.003754 MPI-3_OpenMP 0.007799 0.001108 0.009418 0.015320 
images/test/600.gif 0.004290 MPI-4_OpenMP 0.005082 0.000875 0.010291 0.012573 
images/test/600.gif 0.004320 MPI-5_OpenMP 0.021075 0.000705 0.026659 0.012817 
images/test/600.gif 0.006175 MPI-6_OpenMP 0.022495 0.000632 0.029208 0.015624 
images/test/600.gif 0.003138 MPI-1_Cuda 0.094076 0.000584 0.095446 0.008606 
images/test/600.gif 0.003063 MPI-2_Cuda 0.239901 0.000992 0.241537 0.008222 
images/test/600.gif 0.003429 MPI-3_Cuda 0.401060 0.001719 0.404755 0.009293 
images/test/600.gif 0.004198 MPI-4_Cuda 0.598686 0.007262 0.607631 0.011090 
images/test/600.gif 0.003841 MPI-5_Cuda 0.865813 0.019162 0.886570 0.008386 
images/test/600.gif 0.004814 MPI-6_Cuda 1.067818 0.036211 1.105667 0.009327 
images/test/700.gif 0.016511 classic 0.003238 0.002641 0.005889 0.013916 
images/test/700.gif 0.002507 OpenMP-1 0.002901 0.002031 0.004947 0.006372 
images/test/700.gif 0.001569 OpenMP-2 0.001654 0.001121 0.002788 0.005520 
images/test/700.gif 0.001546 OpenMP-3 0.001240 0.000865 0.002116 0.005537 
images/test/700.gif 0.001522 OpenMP-4 0.000884 0.000626 0.001522 0.005461 
images/test/700.gif 0.002074 OpenMP-5 0.000791 0.000550 0.001352 0.005630 
images/test/700.gif 0.001548 OpenMP-6 0.000648 0.000412 0.001073 0.005301 
images/test/700.gif 0.003839 CUDA 0.079224 0.000629 0.079978 0.009003 
images/test/700.gif 0.003626 MPI-1_classic 0.006939 0.002639 0.010374 0.010432 
images/test/700.gif 0.004085 MPI-2_classic 0.003789 0.001374 0.005838 0.010817 
images/test/700.gif 0.004029 MPI-3_classic 0.004090 0.000943 0.006181 0.010497 
images/test/700.gif 0.004507 MPI-4_classic 0.002285 0.000705 0.004706 0.012528 
images/test/700.gif 0.003636 MPI-5_classic 0.003462 0.000705 0.005758 0.022363 
images/test/700.gif 0.004330 MPI-6_classic 0.005380 0.000471 0.007957 0.012524 
images/test/700.gif 0.004075 MPI-1_OpenMP 0.005707 0.002035 0.008575 0.010230 
images/test/700.gif 0.005612 MPI-2_OpenMP 0.016773 0.003530 0.023125 0.011080 
images/test/700.gif 0.005428 MPI-3_OpenMP 0.020834 0.004375 0.027193 0.012290 
images/test/700.gif 0.004590 MPI-4_OpenMP 0.020534 0.002109 0.025573 0.011899 
images/test/700.gif 0.004959 MPI-5_OpenMP 0.024353 0.002873 0.029778 0.021764 
images/test/700.gif 0.006268 MPI-6_OpenMP 0.028701 0.005827 0.044877 0.021804 
images/test/700.gif 0.003614 MPI-1_Cuda 0.093213 0.000612 0.094764 0.009277 
images/test/700.gif 0.003540 MPI-2_Cuda 0.241313 0.000854 0.243034 0.009539 
images/test/700.gif 0.004090 MPI-3_Cuda 0.414944 0.003450 0.419210 0.009496 
images/test/700.gif 0.005578 MPI-4_Cuda 0.604022 0.002827 0.608190 0.011660 
images/test/700.gif 0.004663 MPI-5_Cuda 0.855261 0.007494 0.865554 0.012697 
images/test/700.gif 0.005058 MPI-6_Cuda 1.106373 0.004660 1.113257 0.012423 
images/test/800.gif 0.014329 classic 0.003662 0.002938 0.006611 0.011530 
images/test/800.gif 0.002323 OpenMP-1 0.003240 0.002279 0.005530 0.006902 
images/test/800.gif 0.001756 OpenMP-2 0.001954 0.001267 0.003234 0.005686 
images/test/800.gif 0.001724 OpenMP-3 0.001420 0.000969 0.002402 0.005915 
images/test/800.gif 0.001672 OpenMP-4 0.001029 0.000676 0.001717 0.005735 
images/test/800.gif 0.001647 OpenMP-5 0.000899 0.000610 0.001522 0.005908 
images/test/800.gif 0.001705 OpenMP-6 0.000750 0.000476 0.001240 0.005744 
images/test/800.gif 0.004805 CUDA 0.075159 0.000654 0.075941 0.011898 
images/test/800.gif 0.004127 MPI-1_classic 0.007905 0.003006 0.011756 0.012800 
images/test/800.gif 0.003956 MPI-2_classic 0.004312 0.001531 0.006635 0.010743 
images/test/800.gif 0.004742 MPI-3_classic 0.003251 0.001071 0.006063 0.012111 
images/test/800.gif 0.005311 MPI-4_classic 0.002675 0.000823 0.005634 0.014969 
images/test/800.gif 0.004404 MPI-5_classic 0.002690 0.000664 0.006163 0.012135 
images/test/800.gif 0.005683 MPI-6_classic 0.004494 0.000538 0.008859 0.017254 
images/test/800.gif 0.004629 MPI-1_OpenMP 0.009423 0.003741 0.014023 0.010055 
images/test/800.gif 0.004394 MPI-2_OpenMP 0.016073 0.002707 0.019625 0.013787 
images/test/800.gif 0.004497 MPI-3_OpenMP 0.020354 0.004769 0.027010 0.014401 
images/test/800.gif 0.005484 MPI-4_OpenMP 0.034845 0.003886 0.043121 0.014234 
images/test/800.gif 0.005486 MPI-5_OpenMP 0.021763 0.003493 0.028567 0.012991 
images/test/800.gif 0.005985 MPI-6_OpenMP 0.027700 0.000786 0.033881 0.013997 
images/test/800.gif 0.004075 MPI-1_Cuda 0.094199 0.000633 0.095893 0.012895 
images/test/800.gif 0.004012 MPI-2_Cuda 0.209690 0.001641 0.213001 0.010070 
images/test/800.gif 0.004114 MPI-3_Cuda 0.404887 0.002839 0.409007 0.010615 
images/test/800.gif 0.005882 MPI-4_Cuda 0.595974 0.004870 0.602999 0.011600 
images/test/800.gif 0.004309 MPI-5_Cuda 0.863004 0.012890 0.878147 0.011367 
images/test/800.gif 0.006697 MPI-6_Cuda 2.558213 0.006548 2.568314 0.011904 
images/test/900.gif 0.012738 classic 0.004267 0.003303 0.007659 0.012559 
images/test/900.gif 0.002311 OpenMP-1 0.003646 0.002576 0.006233 0.007252 
images/test/900.gif 0.001873 OpenMP-2 0.002214 0.001456 0.003683 0.006758 
images/test/900.gif 0.001913 OpenMP-3 0.001607 0.001076 0.002695 0.006770 
images/test/900.gif 0.002168 OpenMP-4 0.001178 0.000791 0.001982 0.006802 
images/test/900.gif 0.001879 OpenMP-5 0.001032 0.000678 0.001722 0.006735 
images/test/900.gif 0.001872 OpenMP-6 0.000863 0.000526 0.001403 0.006788 
images/test/900.gif 0.006742 CUDA 0.070815 0.000664 0.071603 0.013810 
images/test/900.gif 0.004543 MPI-1_classic 0.009200 0.003390 0.013509 0.014473 
images/test/900.gif 0.004458 MPI-2_classic 0.004844 0.001737 0.007698 0.014568 
images/test/900.gif 0.005165 MPI-3_classic 0.003584 0.001178 0.006031 0.015085 
images/test/900.gif 0.006055 MPI-4_classic 0.002971 0.000918 0.006165 0.014401 
images/test/900.gif 0.005293 MPI-5_classic 0.003961 0.000727 0.006659 0.014264 
images/test/900.gif 0.005303 MPI-6_classic 0.002297 0.000651 0.005200 0.013952 
images/test/900.gif 0.004804 MPI-1_OpenMP 0.007127 0.001861 0.010060 0.012608 
images/test/900.gif 0.006629 MPI-2_OpenMP 0.016450 0.003954 0.021252 0.013674 
images/test/900.gif 0.005711 MPI-3_OpenMP 0.022922 0.003683 0.027821 0.027628 
images/test/900.gif 0.005087 MPI-4_OpenMP 0.021751 0.003751 0.029577 0.014923 
images/test/900.gif 0.005345 MPI-5_OpenMP 0.020902 0.001093 0.029165 0.020141 
images/test/900.gif 0.006390 MPI-6_OpenMP 0.041932 0.004577 0.050580 0.028936 
images/test/900.gif 0.004581 MPI-1_Cuda 0.086487 0.000670 0.088364 0.011491 
images/test/900.gif 0.004579 MPI-2_Cuda 0.237691 0.001167 0.240819 0.011564 
images/test/900.gif 0.006174 MPI-3_Cuda 0.402494 0.003316 0.408210 0.011300 
images/test/900.gif 0.006244 MPI-4_Cuda 0.648707 0.016225 0.667282 0.013345 
images/test/900.gif 0.005427 MPI-5_Cuda 1.867792 0.036900 1.907716 0.012753 
images/test/900.gif 0.005179 MPI-6_Cuda 2.547768 0.038770 2.588910 0.013848 
